"acttime"	"censor"	"hcomm"	"hfloor"	"scomm"	"sfloor"	"prespart"	"demhsmaj"	"demsnmaj"	"orderent"	"stafcder"	"prevgenx"	"lethal"	"deathrt1"	"hosp01"	"hospdisc"	"hhosleng"	"acutediz"	"orphdum"	"mandiz01"	"femdiz01"	"peddiz01"	"natreg"	"natregsq"	"wpnoavg3"	"vandavg3"	"condavg3"	"_st"	"_d"	"_t"	"_t0"	"caseid"
"1"	37.4465789794922	1	-0.222000002861023	-0.0579999983310699	-0.0804999992251396	-0.00899999961256981	0	1	0	18	1043	115.680000305176	1	0.0995000004768372	1	75172	3	0	0	0	0	0	12	169	51.25	0.5	2	1	1	37.4465789794922	0	1
"2"	84.2958908081055	1	-0.222000002861023	-0.0579999983310699	-0.0804999992251396	-0.00899999961256981	0	1	0	3	1043	100	0	0	0	0	0	0	0	0	0	0	1	4	25.25	0.75	0	1	1	84.2958908081055	0	2
"3"	15.3863000869751	1	-0.222000002861023	-0.0579999983310699	-0.0804999992251396	-0.00899999961256981	0	1	0	2	1043	1.29999995231628	1	0.150000005960464	1	134882	3.03999996185303	0	0	1	0	0	9	100	4.25	0	0	1	1	15.3863000869751	0	3
"4"	46.1589088439941	1	-0.222000002861023	-0.0579999983310699	-0.0804999992251396	-0.00899999961256981	0	1	0	19	1043	115.680000305176	1	0.0995000004768372	1	75172	3	0	0	0	0	0	12	169	51.25	0.5	2	1	1	46.1589088439941	0	4
"5"	50.860279083252	1	-0.212999999523163	-0.0579999983310699	-0.0804999992251396	-0.00899999961256981	0	1	0	23	1029	115.680000305176	1	0.0995000004768372	1	75172	3	0	0	0	0	0	12	169	52	0.75	2	1	1	50.860279083252	0	5
"6"	22.3561592102051	1	-0.226500004529953	-0.0549999997019768	-0.36149999499321	-0.0920000001788139	0	1	1	10	1163	445	0	0	1	93293	13.3000001907349	1	0	0	0	0	1	4	12.5	0	0.333333313465118	1	1	22.3561592102051	0	6
"7"	14.0054798126221	1	-0.226500004529953	-0.0549999997019768	-0.36149999499321	-0.0920000001788139	0	1	1	9	1163	445	0	0	1	93293	13.3000001907349	1	0	0	0	0	1	4	12.5	0	0.333333313465118	1	1	14.0054798126221	0	7
"8"	17.9178104400635	1	-0.264999985694885	-0.0549999997019768	-0.322499990463257	-0.0920000001788139	0	1	1	2	1237	0.720000028610229	1	0.0274999998509884	1	70313	33.9000015258789	0	1	0	0	1	0	1	0.75	0.25	1	1	1	17.9178104400635	0	8
"9"	28.7342491149902	1	-0.145999997854233	-0.0820000022649765	-0.35699999332428	-0.0920000001788139	1	1	1	7	1550	46.3300018310547	1	0.0203000009059906	1	599591	3.07999992370605	0	0	0	0	1	47	2304	94.5	5.5	1.66666698455811	1	1	28.7342491149902	0	9
"10"	2.33424711227417	1	0.1875	0.158999994397163	0.0489999987185001	-0.00499999988824129	1	0	0	14	1608	0.219999998807907	1	0.0579000003635883	1	123767	9.0600004196167	1	0	0	0	0	24	625	344.25	1.5	15	1	1	2.33424711227417	0	10
"11"	3.0246570110321	0	0.213499993085861	0.153999999165535	-0.010499999858439	0.114000000059605	1	0	0	23	1796	0.219999998807907	1	0.0579000003635883	1	123767	9.0600004196167	1	0	0	0	0	24	625	326.25	3	8.33333301544189	1	0	3.0246570110321	0	11
"12"	12.8876695632935	1	-0.226500004529953	-0.0549999997019768	-0.36149999499321	-0.0920000001788139	0	1	1	3	1163	0.109999999403954	1	0.0219000000506639	1	120817	7.96000003814697	0	1	0	0	0	56	3249	124	8.5	1.66666698455811	1	1	12.8876695632935	0	12
"13"	15.8794498443604	1	-0.212999999523163	-0.0579999983310699	-0.0804999992251396	-0.00899999961256981	0	1	0	2	1029	9.1899995803833	1	0	0	0	0	0	0	0	0	0	13	196	9.5	0	1	1	1	15.8794498443604	0	13
"14"	2.86027407646179	1	-0.179000005125999	-0.0570000000298023	-0.36149999499321	-0.0869999974966049	0	1	1	1	1053	20.6000003814697	0	0	1	24692	2.29999995231628	1	0	0	0	0	0	1	7	2.25	2	1	1	2.86027407646179	0	14
"15"	27.4849300384521	1	-0.256000012159348	-0.0769999995827675	-0.35699999332428	-0.108000002801418	0	1	1	3	1368	54.3199996948242	0	0	1	9666	3.59999990463257	1	0	0	0	0	0	1	2.25	0	0	1	1	27.4849300384521	0	15
"16"	6.96986293792725	1	-0.145999997854233	-0.0820000022649765	-0.35699999332428	-0.0920000001788139	1	1	1	2	1550	20.6000003814697	0	0	1	24692	2.29999995231628	1	0	0	0	0	0	1	7.75	3	0.333333313465118	1	1	6.96986293792725	0	16
"17"	21.1397304534912	1	0.1875	0.158999994397163	0.0489999987185001	-0.00499999988824129	1	0	0	2	1608	54.3199996948242	0	0	1	9666	3.59999990463257	1	0	0	0	0	0	1	0.25	0	0	1	1	21.1397304534912	0	17
"18"	10.9808197021484	1	0.1875	0.158999994397163	0.0489999987185001	-0.00499999988824129	1	0	0	1	1608	54.3199996948242	0	0	1	9666	3.59999990463257	1	0	0	0	0	0	1	0.25	0	0	1	1	10.9808197021484	0	18
"19"	14.0712299346924	1	0.213499993085861	0.153999999165535	-0.010499999858439	0.114000000059605	1	0	0	6	1673	9.1899995803833	1	0	0	0	0	0	0	0	0	0	13	196	21.75	1	0	1	1	14.0712299346924	0	19
"20"	12	1	0.1875	0.158999994397163	0.0489999987185001	-0.00499999988824129	1	0	0	5	1608	9.1899995803833	1	0	0	0	0	0	0	0	0	0	13	196	12.25	0.25	0	1	1	12	0	20
"21"	11.6054801940918	1	-0.145999997854233	-0.0820000022649765	-0.35699999332428	-0.0920000001788139	1	1	1	1	1550	0.600000023841858	1	0.0153000000864267	1	37832	2.70000004768372	1	0	0	0	0	0	1	13.5	0.5	0	1	1	11.6054801940918	0	21
"22"	31.1671199798584	1	-0.179000005125999	-0.0570000000298023	-0.36149999499321	-0.0869999974966049	0	1	1	1	1121	140	0	0	0	0	0	1	0	0	0	0	0	1	3	0	0.333333313465118	1	1	31.1671199798584	0	22
"23"	13.1178102493286	1	-0.212999999523163	-0.0579999983310699	-0.0804999992251396	-0.00899999961256981	0	1	0	2	1029	76.1100006103516	0	0	0	0	0	0	1	0	0	0	0	1	3.75	0.25	0	1	1	13.1178102493286	0	23
"24"	5.81917810440063	1	-0.179000005125999	-0.0570000000298023	-0.36149999499321	-0.0869999974966049	0	1	1	1	1121	0.100000001490116	0	0	1	181077	3.40000009536743	0	1	0	0	0	10	121	0	0	0	1	1	5.81917810440063	0	24
"25"	12.2958898544312	1	-0.264999985694885	-0.0549999997019768	-0.322499990463257	-0.0920000001788139	0	1	1	4	1237	0.0399999991059303	0	0	0	0	0	1	0	0	0	0	0	1	2.25	0	0	1	1	12.2958898544312	0	25
"26"	13.4794502258301	1	-0.256000012159348	-0.0769999995827675	-0.35699999332428	-0.108000002801418	0	1	1	4	1423	100.849998474121	0	0	0	0	0	1	0	0	0	0	29	900	0.5	0	4.33333301544189	1	1	13.4794502258301	0	26
"27"	31.068489074707	1	-0.181500002741814	-0.0094999996945262	-0.0804999992251396	-0.00899999961256981	0	1	0	23	996	445	0	0	1	93293	13.3000001907349	1	0	0	0	0	1	4	6	0	2	1	1	31.068489074707	0	27
"28"	14.2684898376465	1	-0.179000005125999	-0.0570000000298023	-0.36149999499321	-0.0869999974966049	0	1	1	3	1121	9.1899995803833	1	0	0	0	0	0	0	0	0	0	13	196	15.5	0.25	0	1	1	14.2684898376465	0	28
"29"	62.6301383972168	0	0.1875	0.158999994397163	0.0489999987185001	-0.00499999988824129	1	0	0	1	1608	20.6000003814697	0	0	1	9666	3.59999990463257	1	0	0	0	0	0	1	0	0	0	1	0	62.6301383972168	0	29
"30"	18.936990737915	1	-0.176499992609024	-0.0509999990463257	-0.0804999992251396	-0.00899999961256981	0	1	0	6	1055	445	0	0	1	93293	13.3000001907349	1	0	0	0	0	1	4	12.5	0.5	1	1	1	18.936990737915	0	30
"31"	13.1506900787354	1	-0.256000012159348	-0.0769999995827675	-0.35699999332428	-0.108000002801418	0	1	1	9	1423	81.8199996948242	1	2.77999997138977	1	491836	9.27999973297119	0	0	0	0	0	79	6400	225.75	13	6.33333301544189	1	1	13.1506900787354	0	31
"32"	22.0931491851807	1	-0.146999999880791	-0.0820000022649765	-0.35699999332428	-0.0920000001788139	1	1	1	39	1414	115.680000305176	1	0.0995000004768372	1	75172	3	0	0	0	0	0	12	169	54.5	0.5	0.666666686534882	1	1	22.0931491851807	0	32
"33"	40.5369911193848	0	0.1875	0.158999994397163	0.0489999987185001	-0.00499999988824129	1	0	0	3	1608	14.7600002288818	1	0.0883999988436699	1	116868	9.52999973297119	0	0	0	0	0	108	11881	168.5	13.75	7.66666698455811	1	0	40.5369911193848	0	33
"34"	12	1	0.1875	0.158999994397163	0.0489999987185001	-0.00499999988824129	1	0	0	11	1608	192	1	0.0995000004768372	0	0	0	0	0	0	0	0	3	16	17.5	2.5	0.333333313465118	1	1	12	0	34
"35"	16.7671203613281	1	-0.226500004529953	-0.0549999997019768	-0.36149999499321	-0.0920000001788139	0	1	1	4	1163	0.109999999403954	1	0.0219000000506639	1	120817	7.96000003814697	0	1	0	0	0	56	3249	124	8.5	1.66666698455811	1	1	16.7671203613281	0	35
"36"	0.591780781745911	1	-0.146999999880791	-0.0820000022649765	-0.35699999332428	-0.0920000001788139	1	1	1	1	1414	0.600000023841858	1	0.0153000000864267	1	37832	2.70000004768372	0	0	0	0	0	3	16	32.25	1.25	0.333333313465118	1	1	0.591780781745911	0	36
"37"	38.9917793273926	1	-0.181500002741814	-0.0094999996945262	-0.0804999992251396	-0.00899999961256981	0	1	0	7	996	32.6300010681152	1	0.165199995040894	1	457587	3.25	0	0	0	0	0	2	9	5	0	0	1	1	38.9917793273926	0	37
"38"	40.9643783569336	1	-0.222000002861023	-0.0579999983310699	-0.0804999992251396	-0.00899999961256981	0	1	0	2	1043	54.2299995422363	1	0.0203000009059906	1	599591	3.07999992370605	0	0	0	0	0	47	2304	127	2.5	4	1	1	40.9643783569336	0	38
"39"	3.91232895851135	1	0.1875	0.158999994397163	0.0489999987185001	-0.00499999988824129	1	0	0	16	1608	0.219999998807907	1	0.0579000003635883	1	123767	9.0600004196167	1	0	0	0	0	24	625	324	1.25	11	1	1	3.91232895851135	0	39
"40"	12	1	0.1875	0.158999994397163	0.0489999987185001	-0.00499999988824129	1	0	0	1	1608	0.759999990463257	0	0	1	8530	3.63000011444092	0	0	1	0	0	0	1	2	0	0	1	1	12	0	40
"41"	13.4794502258301	1	0.213499993085861	0.153999999165535	-0.010499999858439	0.114000000059605	1	0	0	53	1673	115.680000305176	1	0.0995000004768372	1	75172	3	0	0	0	0	0	12	169	45.5	3	0.666666686534882	1	1	13.4794502258301	0	41
"42"	15.9452104568481	1	0.213499993085861	0.153999999165535	-0.010499999858439	0.114000000059605	1	0	0	5	1708	128.479995727539	1	0.00270000007003546	0	0	0	0	0	0	0	0	188	35721	131	8.25	4	1	1	15.9452104568481	0	42
"43"	29.8191795349121	1	-0.256000012159348	-0.0769999995827675	-0.35699999332428	-0.108000002801418	0	1	1	35	1368	115.680000305176	1	0.0995000004768372	1	75172	3	0	0	0	0	0	12	169	50.25	0.25	3	1	1	29.8191795349121	0	43
"44"	29.8191795349121	1	-0.256000012159348	-0.0769999995827675	-0.35699999332428	-0.108000002801418	0	1	1	34	1368	115.680000305176	1	0.0995000004768372	1	75172	3	0	0	0	0	0	12	169	50.25	0.25	3	1	1	29.8191795349121	0	44
"45"	26.9917793273926	1	-0.264999985694885	-0.0549999997019768	-0.322499990463257	-0.0920000001788139	0	1	1	8	1237	81.8199996948242	1	2.77999997138977	1	491836	9.27999973297119	0	0	0	0	0	79	6400	225.25	8.5	8	1	1	26.9917793273926	0	45
"46"	52.043830871582	1	-0.179000005125999	-0.0570000000298023	-0.36149999499321	-0.0869999974966049	0	1	1	13	1121	32.6300010681152	1	0.165199995040894	1	457587	3.25	0	1	0	0	0	2	9	5	0	0	1	1	52.043830871582	0	46
"47"	29.9835605621338	1	-0.179000005125999	-0.0570000000298023	-0.36149999499321	-0.0869999974966049	0	1	1	28	1121	115.680000305176	1	0.0995000004768372	1	75172	3	0	0	0	0	0	12	169	44.5	0.25	3.66666698455811	1	1	29.9835605621338	0	47
"48"	8.08767127990723	1	-0.179000005125999	-0.0570000000298023	-0.36149999499321	-0.0869999974966049	0	1	1	2	1121	0.150000005960464	1	0.0146000003442168	1	20777	7.09999990463257	0	0	0	1	0	9	100	5	0.25	0	1	1	8.08767127990723	0	48
"49"	32.975341796875	1	-0.226500004529953	-0.0549999997019768	-0.36149999499321	-0.0920000001788139	0	1	1	6	1163	192	1	0.0995000004768372	0	0	0	0	0	0	0	0	3	16	25.75	2.25	3.33333301544189	1	1	32.975341796875	0	49
"50"	20.8109607696533	1	-0.264999985694885	-0.0549999997019768	-0.322499990463257	-0.0920000001788139	0	1	1	12	1237	445	0	0	1	93293	13.3000001907349	1	0	0	0	0	1	4	15.5	0	0.666666686534882	1	1	20.8109607696533	0	50
"51"	21.5342502593994	1	-0.264999985694885	-0.0549999997019768	-0.322499990463257	-0.0920000001788139	0	1	1	6	1237	0.109999999403954	1	0.0219000000506639	1	120817	7.96000003814697	0	1	0	0	0	56	3249	155.5	10	2	1	1	21.5342502593994	0	51
"52"	6.24657487869263	1	-0.256000012159348	-0.0769999995827675	-0.35699999332428	-0.108000002801418	0	1	1	5	1368	0.219999998807907	1	0.0579000003635883	1	123767	9.0600004196167	1	0	0	0	0	24	625	309.75	0.75	42.6666717529297	1	1	6.24657487869263	0	52
"53"	5.26027393341064	1	-0.256000012159348	-0.0769999995827675	-0.35699999332428	-0.108000002801418	0	1	1	4	1423	0.150000005960464	1	0.0146000003442168	1	20777	7.09999990463257	0	0	0	1	0	9	100	20.25	2	0.333333313465118	1	1	5.26027393341064	0	53
"54"	42.6082191467285	1	-0.256000012159348	-0.0769999995827675	-0.35699999332428	-0.108000002801418	0	1	1	19	1423	445	0	0	1	93293	13.3000001907349	1	0	0	0	0	1	4	20	0	1.33333301544189	1	1	42.6082191467285	0	54
"55"	5.85205507278442	1	-0.146999999880791	-0.0820000022649765	-0.35699999332428	-0.0920000001788139	1	1	1	10	1414	0.219999998807907	1	0.0579000003635883	1	123767	9.0600004196167	1	1	0	0	0	24	625	353.25	1.75	24	1	1	5.85205507278442	0	55
"56"	3.51780796051025	0	0.1875	0.158999994397163	0.0489999987185001	-0.00499999988824129	1	0	0	16	1608	0.219999998807907	1	0.0579000003635883	1	123767	9.0600004196167	1	0	0	0	0	24	625	324	1.25	11	1	0	3.51780796051025	0	56
"57"	11.6383600234985	1	0.213499993085861	0.153999999165535	-0.010499999858439	0.114000000059605	1	0	0	3	1708	15.4499998092651	1	0.12899999320507	1	983538	5.19000005722046	1	0	0	0	0	1	4	363.25	4.5	0.333333313465118	1	1	11.6383600234985	0	57
"58"	40.7671203613281	1	-0.228000000119209	-0.0750000029802322	-0.407000005245209	-0.125	1	1	1	22	1119	445	0	0	1	93293	13.3000001907349	1	0	0	0	0	1	4	5	0	2	1	1	40.7671203613281	0	58
"59"	18.936990737915	1	-0.181500002741814	-0.0094999996945262	-0.0804999992251396	-0.00899999961256981	0	1	0	2	996	0.0399999991059303	1	0.000199999994947575	1	3976	4.59999990463257	0	0	1	0	0	1	4	2.25	0	0	1	1	18.936990737915	0	59
"60"	45.5013694763184	1	-0.181500002741814	-0.0094999996945262	-0.0804999992251396	-0.00899999961256981	0	1	0	7	996	30	0	0	0	0	0	0	0	0	0	0	18	361	68.25	0.25	0	1	1	45.5013694763184	0	60
"61"	35.3753395080566	1	-0.212999999523163	-0.0579999983310699	-0.0804999992251396	-0.00899999961256981	0	1	0	8	1029	32.6300010681152	1	0.165199995040894	1	457587	3.25	0	0	0	0	0	2	9	3.5	0	0	1	1	35.3753395080566	0	61
"62"	12.6904096603394	1	-0.179000005125999	-0.0570000000298023	-0.36149999499321	-0.0869999974966049	0	1	1	3	1053	0.0399999991059303	1	0.000199999994947575	1	3976	4.59999990463257	0	1	1	0	0	1	4	2	0	0	1	1	12.6904096603394	0	62
"63"	122.498596191406	1	-0.181500002741814	-0.0094999996945262	-0.0804999992251396	-0.00899999961256981	0	1	0	2	996	128.479995727539	1	0.00270000007003546	0	0	0	0	0	0	0	0	188	35721	119.75	6.5	7	1	1	122.498596191406	0	63
"64"	46.5534210205078	1	-0.226500004529953	-0.0549999997019768	-0.36149999499321	-0.0920000001788139	0	1	1	4	1163	100	0	0	0	0	0	0	0	0	0	0	1	4	22.5	0.5	0	1	1	46.5534210205078	0	64
"65"	18.7397308349609	1	-0.264999985694885	-0.0549999997019768	-0.322499990463257	-0.0920000001788139	0	1	1	1	1237	39	1	0.00170000002253801	1	220647	3.32999992370605	1	0	0	0	0	3	16	25.5	0	1.33333301544189	1	1	18.7397308349609	0	65
"66"	67.2986297607422	1	-0.256000012159348	-0.0769999995827675	-0.35699999332428	-0.108000002801418	0	1	1	5	1368	93.9100036621094	0	0	1	3879	1.89999997615814	1	0	0	0	0	29	900	1.75	0	6	1	1	67.2986297607422	0	66
"67"	70.783561706543	1	-0.228000000119209	-0.0750000029802322	-0.407000005245209	-0.125	1	1	1	2	1119	5	0	0	0	0	0	0	1	0	0	0	1	4	0.5	0	0	1	1	70.783561706543	0	67
"68"	55.2986297607422	1	-0.222000002861023	-0.0579999983310699	-0.0804999992251396	-0.00899999961256981	0	1	0	1	1043	128.479995727539	1	0.00270000007003546	0	0	0	0	0	0	0	0	188	35721	123	7.5	7	1	1	55.2986297607422	0	68
"69"	22.191780090332	0	-0.176499992609024	-0.0509999990463257	-0.0804999992251396	-0.00899999961256981	0	1	0	3	1055	76.1100006103516	0	0	0	0	0	0	0	0	0	0	0	1	3	0.25	0	1	0	22.191780090332	0	69
"70"	35.6383590698242	1	-0.179000005125999	-0.0570000000298023	-0.36149999499321	-0.0869999974966049	0	1	1	29	1121	115.680000305176	1	0.0995000004768372	1	75172	3	0	0	0	0	0	12	169	44.5	0.25	3.66666698455811	1	1	35.6383590698242	0	70
"71"	6.4438362121582	1	-0.226500004529953	-0.0549999997019768	-0.36149999499321	-0.0920000001788139	0	1	1	1	1163	20	0	0	1	18429	8.80000019073486	0	0	0	0	0	12	169	1.25	0	0	1	1	6.4438362121582	0	71
"72"	11.8684902191162	1	0.1875	0.158999994397163	0.0489999987185001	-0.00499999988824129	1	0	0	46	1608	115.680000305176	1	0.0995000004768372	1	75172	3	0	0	0	0	0	12	169	45.75	0.5	0.333333313465118	1	1	11.8684902191162	0	72
"73"	23.7369899749756	1	-0.176499992609024	-0.0509999990463257	-0.0804999992251396	-0.00899999961256981	0	1	0	6	1062	81.8199996948242	1	2.77999997138977	1	491836	9.27999973297119	0	0	0	0	0	79	6400	134.25	12.5	6.66666698455811	1	1	23.7369899749756	0	73
"74"	3.2219181060791	1	0.213499993085861	0.153999999165535	-0.010499999858439	0.114000000059605	1	0	0	20	1708	0.219999998807907	1	0.0579000003635883	1	123767	9.0600004196167	1	0	0	0	0	24	625	323	2	11	1	1	3.2219181060791	0	74
"75"	33.5999984741211	1	-0.179000005125999	-0.0570000000298023	-0.36149999499321	-0.0869999974966049	0	1	1	12	1053	32.6300010681152	1	0.165199995040894	1	457587	3.25	0	0	0	0	0	2	9	5	0	0	1	1	33.5999984741211	0	75
"76"	69.9945220947266	1	-0.179000005125999	-0.0570000000298023	-0.36149999499321	-0.0869999974966049	0	1	1	4	1053	46.3300018310547	1	0.0203000009059906	1	599591	3.07999992370605	0	0	0	0	1	47	2304	44.5	1.75	2.33333301544189	1	1	69.9945220947266	0	76
"77"	82.1589126586914	1	-0.176499992609024	-0.0509999990463257	-0.0804999992251396	-0.00899999961256981	0	1	0	1	1055	448.549987792969	1	0.00270000007003546	1	3082	5.53000020980835	1	0	0	0	0	3	16	186	6	0.333333313465118	1	1	82.1589126586914	0	77
"78"	82.1589126586914	1	-0.176499992609024	-0.0509999990463257	-0.0804999992251396	-0.00899999961256981	0	1	0	2	1055	448.549987792969	1	0.00270000007003546	1	3082	5.53000020980835	1	0	0	0	0	3	16	186	6	0.333333313465118	1	1	82.1589126586914	0	78
"79"	8.51506805419922	1	0.213499993085861	0.153999999165535	-0.010499999858439	0.114000000059605	1	0	0	4	1708	14.7600002288818	1	0.0883999988436699	1	116868	9.52999973297119	0	0	0	0	0	108	11881	200.25	12	5.66666698455811	1	1	8.51506805419922	0	79
"80"	114.969902038574	1	-0.212999999523163	-0.0579999983310699	-0.0804999992251396	-0.00899999961256981	0	1	0	9	1029	192	1	0.0995000004768372	0	0	0	0	1	0	0	0	3	16	9.5	0.75	0	1	1	114.969902038574	0	80
"81"	21.9616394042969	1	-0.226500004529953	-0.0549999997019768	-0.36149999499321	-0.0920000001788139	0	1	1	1	1163	1.0900000333786	1	0.194000005722046	1	120834	1.95000004768372	0	1	0	1	0	49	2500	66.75	14.75	2.66666698455811	1	1	21.9616394042969	0	81
"82"	8.41643810272217	1	-0.146999999880791	-0.0820000022649765	-0.35699999332428	-0.0920000001788139	1	1	1	2	1414	0.0199999995529652	1	0.00999999977648258	1	4100	28.8999996185303	0	0	0	0	0	4	25	22.5	6	0.666666686534882	1	1	8.41643810272217	0	82
"83"	8.41643810272217	1	-0.146999999880791	-0.0820000022649765	-0.35699999332428	-0.0920000001788139	1	1	1	1	1414	0.0199999995529652	1	0.00999999977648258	1	4100	28.8999996185303	0	0	0	0	0	4	25	22.5	6	0.666666686534882	1	1	8.41643810272217	0	83
"84"	2.89315104484558	0	0.213499993085861	0.153999999165535	-0.010499999858439	0.114000000059605	1	0	0	9	1796	46.3300018310547	1	0.0203000009059906	1	599591	3.07999992370605	0	0	0	0	1	47	2304	165.5	9	2.66666698455811	1	0	2.89315104484558	0	84
"85"	25.9068508148193	1	-0.222000002861023	-0.0579999983310699	-0.0804999992251396	-0.00899999961256981	0	1	0	1	1043	445	0	0	1	93293	13.3000001907349	1	0	0	0	0	1	4	7	0	2	1	1	25.9068508148193	0	85
"86"	51.287670135498	1	-0.212999999523163	-0.0579999983310699	-0.0804999992251396	-0.00899999961256981	0	1	0	1	1029	0.159999996423721	1	0.0740000009536743	1	86252	6.40000009536743	0	1	0	0	0	2	9	9.25	0.5	2	1	1	51.287670135498	0	86
"87"	14.7616395950317	1	-0.226500004529953	-0.0549999997019768	-0.36149999499321	-0.0920000001788139	0	1	1	2	1163	1.42999994754791	0	0	1	181077	3.40000009536743	0	0	0	0	0	10	121	4.25	0	0	1	1	14.7616395950317	0	87
"88"	25.5452098846436	1	-0.256000012159348	-0.0769999995827675	-0.35699999332428	-0.108000002801418	0	1	1	5	1368	46.3300018310547	1	0.0203000009059906	1	599591	3.07999992370605	0	0	0	0	1	47	2304	73	3	1.33333301544189	1	1	25.5452098846436	0	88
"89"	18.7068500518799	1	-0.145999997854233	-0.0820000022649765	-0.35699999332428	-0.0920000001788139	1	1	1	44	1550	115.680000305176	1	0.0995000004768372	1	75172	3	0	0	0	0	0	12	169	48.5	0.25	0.333333313465118	1	1	18.7068500518799	0	89
"90"	4.37260293960571	1	0.1875	0.158999994397163	0.0489999987185001	-0.00499999988824129	1	0	0	11	1608	0.219999998807907	1	0.0579000003635883	1	123767	9.0600004196167	1	0	0	0	0	24	625	344.25	1.5	15	1	1	4.37260293960571	0	90
"91"	4.37260293960571	1	0.1875	0.158999994397163	0.0489999987185001	-0.00499999988824129	1	0	0	12	1608	0.219999998807907	1	0.0579000003635883	1	123767	9.0600004196167	1	0	0	0	0	24	625	344.25	1.5	15	1	1	4.37260293960571	0	91
"92"	11.9342498779297	1	0.1875	0.158999994397163	0.0489999987185001	-0.00499999988824129	1	0	0	20	1608	445	0	0	1	93293	13.3000001907349	1	0	0	0	0	1	4	32.75	0.75	2.33333301544189	1	1	11.9342498779297	0	92
"93"	5.78630113601685	1	0.213499993085861	0.153999999165535	-0.010499999858439	0.114000000059605	1	0	0	21	1708	0.219999998807907	1	0.0579000003635883	1	123767	9.0600004196167	1	0	0	0	0	24	625	323	2	11	1	1	5.78630113601685	0	93
"94"	5.95068502426147	1	0.213499993085861	0.153999999165535	-0.010499999858439	0.114000000059605	1	0	0	22	1708	0.219999998807907	1	0.0579000003635883	1	123767	9.0600004196167	1	0	0	0	0	24	625	323	2	11	1	1	5.95068502426147	0	94
"95"	8.97534275054932	1	0.213499993085861	0.153999999165535	-0.010499999858439	0.114000000059605	1	0	0	3	1708	448.549987792969	1	0.00270000007003546	1	3082	5.53000020980835	1	0	0	0	0	3	16	238	23.5	0.333333313465118	1	1	8.97534275054932	0	95
"96"	8.51506805419922	0	0.213499993085861	0.153999999165535	-0.010499999858439	0.114000000059605	1	0	0	23	1796	0.219999998807907	1	0.0579000003635883	1	123767	9.0600004196167	1	0	0	0	0	24	625	324.5	2.75	11	1	0	8.51506805419922	0	96
"97"	8.74520587921143	1	0.1875	0.158999994397163	0.0489999987185001	-0.00499999988824129	1	0	0	5	1608	0.0399999991059303	0	0	0	0	0	1	0	0	0	0	0	1	1.5	0	0	1	1	8.74520587921143	0	97
"98"	14.0712299346924	0	0.213499993085861	0.153999999165535	-0.010499999858439	0.114000000059605	1	0	0	23	1796	0.219999998807907	1	0.0579000003635883	1	123767	9.0600004196167	1	0	0	0	0	24	625	324.5	2.75	11	1	0	14.0712299346924	0	98
"99"	26.6958904266357	1	-0.179000005125999	-0.0570000000298023	-0.36149999499321	-0.0869999974966049	0	1	1	27	1121	115.680000305176	1	0.0995000004768372	1	75172	3	0	0	0	0	0	12	169	44.5	0.25	3.66666698455811	1	1	26.6958904266357	0	99
"100"	26.6958904266357	1	-0.179000005125999	-0.0570000000298023	-0.36149999499321	-0.0869999974966049	0	1	1	27	1121	115.680000305176	1	0.0995000004768372	1	75172	3	0	0	0	0	0	12	169	44.5	0.25	3.66666698455811	1	1	26.6958904266357	0	100
"101"	21.9945201873779	0	-0.256000012159348	-0.0769999995827675	-0.35699999332428	-0.108000002801418	0	1	1	2	1423	14.7600002288818	1	0.0883999988436699	1	116868	9.52999973297119	0	0	0	0	0	108	11881	128.25	11	14	1	0	21.9945201873779	0	101
"102"	30.4767093658447	1	-0.145999997854233	-0.0820000022649765	-0.35699999332428	-0.0920000001788139	1	1	1	6	1550	1.29999995231628	1	0.150000005960464	1	134882	3.03999996185303	0	0	1	0	0	9	100	56.75	9	0.666666686534882	1	1	30.4767093658447	0	102
"103"	11.8356199264526	1	0.1875	0.158999994397163	0.0489999987185001	-0.00499999988824129	1	0	0	4	1608	93.9100036621094	0	0	1	3879	1.89999997615814	1	0	0	0	0	29	900	2.5	0	4.33333301544189	1	1	11.8356199264526	0	103
"104"	23.4410991668701	1	0.1875	0.158999994397163	0.0489999987185001	-0.00499999988824129	1	0	0	6	1608	1.42999994754791	0	0	1	181077	3.40000009536743	0	0	0	0	0	10	121	5.5	0	0	1	1	23.4410991668701	0	104
"105"	40.1095886230469	0	0.1875	0.158999994397163	0.0489999987185001	-0.00499999988824129	1	0	0	3	1608	37.4700012207031	0	0	0	0	0	1	0	0	0	0	0	1	0	0	0	1	0	40.1095886230469	0	105
"106"	6.04931497573853	1	0.213499993085861	0.153999999165535	-0.010499999858439	0.114000000059605	1	0	0	9	1708	15	1	0.00769999995827675	0	0	0	0	0	0	0	0	9	100	1	0	1	1	1	6.04931497573853	0	106
"107"	4.56986284255981	1	0.213499993085861	0.153999999165535	-0.010499999858439	0.114000000059605	1	0	0	6	1708	0.0399999991059303	0	0	0	0	0	1	0	0	0	0	0	1	0	0	0	1	1	4.56986284255981	0	107
"108"	23.243839263916	1	-0.212999999523163	-0.0579999983310699	-0.0804999992251396	-0.00899999961256981	0	1	0	3	1029	445	0	0	1	93293	13.3000001907349	1	0	0	0	0	1	4	10	0	2	1	1	23.243839263916	0	108
"109"	23.243839263916	1	-0.212999999523163	-0.0579999983310699	-0.0804999992251396	-0.00899999961256981	0	1	0	3	1029	445	0	0	1	93293	13.3000001907349	1	0	0	0	0	1	4	10	0	2	1	1	23.243839263916	0	109
"110"	28.5369892120361	1	-0.179000005125999	-0.0570000000298023	-0.36149999499321	-0.0869999974966049	0	1	1	4	1053	1.29999995231628	1	0.150000005960464	1	134882	3.03999996185303	0	0	1	0	0	9	100	11.25	3	0	1	1	28.5369892120361	0	110
"111"	10.8493099212646	1	-0.228000000119209	-0.0750000029802322	-0.407000005245209	-0.125	1	1	1	1	1119	11.3400001525879	0	0	0	0	0	1	0	0	1	0	0	1	0.5	0	0	1	1	10.8493099212646	0	111
"112"	26.6958904266357	0	-0.212999999523163	-0.0579999983310699	-0.0804999992251396	-0.00899999961256981	0	1	0	1	1029	0.0399999991059303	1	0.0199999995529652	1	15549	10.1999998092651	0	0	0	0	0	6	49	13.5	2.75	2	1	0	26.6958904266357	0	112
"113"	46.1260299682617	1	-0.176499992609024	-0.0509999990463257	-0.0804999992251396	-0.00899999961256981	0	1	0	1	1062	93.9100036621094	0	0	1	3879	1.89999997615814	1	0	0	0	0	29	900	1.25	0	7.33333301544189	1	1	46.1260299682617	0	113
"114"	19.3315105438232	1	-0.176499992609024	-0.0509999990463257	-0.0804999992251396	-0.00899999961256981	0	1	0	3	1055	11.3400001525879	0	0	0	0	0	1	0	0	1	0	0	1	2.5	0	0	1	1	19.3315105438232	0	114
"115"	36.2301406860352	1	-0.179000005125999	-0.0570000000298023	-0.36149999499321	-0.0869999974966049	0	1	1	3	1053	27.6399993896484	0	0	1	395755	4.59000015258789	1	0	0	0	0	0	1	6.25	0	1.66666698455811	1	1	36.2301406860352	0	115
"116"	7.52876710891724	1	-0.226500004529953	-0.0549999997019768	-0.36149999499321	-0.0920000001788139	0	1	1	1	1163	0.479999989271164	1	0.0443000011146069	1	85695	10.3999996185303	0	0	0	0	0	2	9	24.25	6.5	0	1	1	7.52876710891724	0	116
"117"	13.906849861145	1	-0.256000012159348	-0.0769999995827675	-0.35699999332428	-0.108000002801418	0	1	1	7	1368	0.109999999403954	1	0.0219000000506639	1	120817	7.96000003814697	0	0	0	0	0	56	3249	154.5	11	1	1	1	13.906849861145	0	117
"118"	25.5780792236328	1	-0.256000012159348	-0.0769999995827675	-0.35699999332428	-0.108000002801418	0	1	1	4	1368	54.3199996948242	0	0	1	9666	3.59999990463257	1	0	0	0	0	0	1	2.25	0	0	1	1	25.5780792236328	0	118
"119"	30.1150703430176	0	-0.256000012159348	-0.0769999995827675	-0.35699999332428	-0.108000002801418	0	1	1	36	1368	115.680000305176	1	0.0995000004768372	1	75172	3	0	0	0	0	0	12	169	50.25	0.25	3	1	0	30.1150703430176	0	119
"120"	2.56438398361206	0	0.213499993085861	0.153999999165535	-0.010499999858439	0.114000000059605	1	0	0	7	1673	1.29999995231628	1	0.150000005960464	1	134882	3.03999996185303	0	0	1	0	0	9	100	122	13.25	0.333333313465118	1	0	2.56438398361206	0	120
"121"	18.0164394378662	0	0.213499993085861	0.153999999165535	-0.010499999858439	0.114000000059605	1	0	0	1	1673	3.80999994277954	1	0.595499992370605	1	572789	6.69999980926514	1	0	0	0	0	54	3025	325.25	3.75	3.66666698455811	1	0	18.0164394378662	0	121
"122"	8.28493118286133	1	0.213499993085861	0.153999999165535	-0.010499999858439	0.114000000059605	1	0	0	1	1708	0.0599999986588955	1	0.00510000018402934	1	833	10.6000003814697	0	1	0	0	0	3	16	0	0.25	0	1	1	8.28493118286133	0	122
"123"	6.21369886398315	1	0.213499993085861	0.153999999165535	-0.010499999858439	0.114000000059605	1	0	0	1	1796	0	1	0.00270000007003546	0	0	0	0	1	0	0	0	13	196	0	0	0	1	1	6.21369886398315	0	123
"124"	9.04109573364258	0	0.213499993085861	0.153999999165535	-0.010499999858439	0.114000000059605	1	0	0	9	1796	0.109999999403954	1	0.0219000000506639	1	120817	7.96000003814697	0	0	0	0	0	56	3249	192.75	5.5	0.666666686534882	1	0	9.04109573364258	0	124
"125"	73.1178131103516	1	-0.222000002861023	-0.0579999983310699	-0.0804999992251396	-0.00899999961256981	0	1	0	10	1043	32.6300010681152	1	0.165199995040894	1	457587	3.25	0	0	0	0	0	2	9	3.5	0	0	1	1	73.1178131103516	0	125
"126"	18.904109954834	1	-0.145999997854233	-0.0820000022649765	-0.35699999332428	-0.0920000001788139	1	1	1	45	1550	115.680000305176	1	0.0995000004768372	1	75172	3	0	0	0	0	0	12	169	48.5	0.25	0.333333313465118	1	1	18.904109954834	0	126
"127"	43.0027389526367	1	-0.212999999523163	-0.0579999983310699	-0.0804999992251396	-0.00899999961256981	0	1	0	2	1029	0.109999999403954	1	0.0219000000506639	1	120817	7.96000003814697	0	1	0	0	0	56	3249	120.25	9.5	0	1	1	43.0027389526367	0	127
"128"	34.0602684020996	1	-0.176499992609024	-0.0509999990463257	-0.0804999992251396	-0.00899999961256981	0	1	0	3	1055	102.730003356934	1	0.301999986171722	1	370015	8.25	1	0	0	0	0	1	4	8.75	0	0	1	1	34.0602684020996	0	128
"129"	46.2904090881348	1	-0.181500002741814	-0.0094999996945262	-0.0804999992251396	-0.00899999961256981	0	1	0	1	996	3.09999990463257	1	0.119800001382828	1	181077	3.40000009536743	0	0	0	0	0	10	121	39.75	2	1	1	1	46.2904090881348	0	129
"130"	51.5178108215332	1	-0.222000002861023	-0.0579999983310699	-0.0804999992251396	-0.00899999961256981	0	1	0	21	1043	115.680000305176	1	0.0995000004768372	1	75172	3	0	0	0	0	0	12	169	51.25	0.5	2	1	1	51.5178108215332	0	130
"131"	52.9643783569336	1	-0.176499992609024	-0.0509999990463257	-0.0804999992251396	-0.00899999961256981	0	1	0	24	1062	115.680000305176	1	0.0995000004768372	1	75172	3	0	0	0	0	0	12	169	55.5	0.75	3.66666698455811	1	1	52.9643783569336	0	131
"132"	23.8027400970459	1	-0.179000005125999	-0.0570000000298023	-0.36149999499321	-0.0869999974966049	0	1	1	11	1121	32.6300010681152	1	0.165199995040894	1	457587	3.25	0	0	0	0	0	2	9	5	0	0	1	1	23.8027400970459	0	132
"133"	16.1424694061279	1	-0.264999985694885	-0.0549999997019768	-0.322499990463257	-0.0920000001788139	0	1	1	13	1237	445	0	0	1	93293	13.3000001907349	1	0	0	0	0	1	4	15.5	0	0.666666686534882	1	1	16.1424694061279	0	133
"134"	25.6767101287842	1	-0.146999999880791	-0.0820000022649765	-0.35699999332428	-0.0920000001788139	1	1	1	16	1414	445	0	0	1	93293	13.3000001907349	1	1	0	0	0	1	4	23	0	1.33333301544189	1	1	25.6767101287842	0	134
"135"	10.0602703094482	1	-0.179000005125999	-0.0570000000298023	-0.36149999499321	-0.0869999974966049	0	1	1	9	1121	32.6300010681152	1	0.165199995040894	1	457587	3.25	0	0	0	0	0	2	9	5	0	0	1	1	10.0602703094482	0	135
"136"	21.6328792572021	1	-0.228000000119209	-0.0750000029802322	-0.407000005245209	-0.125	1	1	1	7	1119	15	1	0.00769999995827675	0	0	0	0	0	0	0	0	9	100	0.5	0	1	1	1	21.6328792572021	0	136
"137"	27.287670135498	1	-0.222000002861023	-0.0579999983310699	-0.0804999992251396	-0.00899999961256981	0	1	0	17	1043	115.680000305176	1	0.0995000004768372	1	75172	3	0	0	0	0	0	12	169	51.25	0.5	2	1	1	27.287670135498	0	137
"138"	18.8054790496826	1	-0.212999999523163	-0.0579999983310699	-0.0804999992251396	-0.00899999961256981	0	1	0	2	1029	445	0	0	1	93293	13.3000001907349	1	0	0	0	0	1	4	10	0	2	1	1	18.8054790496826	0	138
"139"	21.5342502593994	1	-0.176499992609024	-0.0509999990463257	-0.0804999992251396	-0.00899999961256981	0	1	0	4	1062	445	0	0	1	93293	13.3000001907349	1	0	0	0	0	1	4	12.75	0.5	1.66666698455811	1	1	21.5342502593994	0	139
"140"	20.4164390563965	1	-0.176499992609024	-0.0509999990463257	-0.0804999992251396	-0.00899999961256981	0	1	0	20	1055	115.680000305176	1	0.0995000004768372	1	75172	3	0	0	0	0	0	12	169	46.75	0.5	4.33333301544189	1	1	20.4164390563965	0	140
"141"	9.53424644470215	1	-0.176499992609024	-0.0509999990463257	-0.0804999992251396	-0.00899999961256981	0	1	0	5	1055	192	1	0.0995000004768372	0	0	0	0	0	0	0	0	3	16	12.75	1.75	0.666666686534882	1	1	9.53424644470215	0	141
"142"	50.2684898376465	1	-0.179000005125999	-0.0570000000298023	-0.36149999499321	-0.0869999974966049	0	1	1	7	1053	192	1	0.0995000004768372	0	0	0	0	0	0	0	0	3	16	17.25	2.25	1.33333301544189	1	1	50.2684898376465	0	142
"143"	40.931510925293	1	-0.179000005125999	-0.0570000000298023	-0.36149999499321	-0.0869999974966049	0	1	1	30	1121	115.680000305176	1	0.0995000004768372	1	75172	3	0	0	0	0	0	12	169	44.5	0.25	3.66666698455811	1	1	40.931510925293	0	143
"144"	11.9671201705933	1	-0.146999999880791	-0.0820000022649765	-0.35699999332428	-0.0920000001788139	1	1	1	37	1414	115.680000305176	1	0.0995000004768372	1	75172	3	0	0	0	0	0	12	169	54.5	0.5	0.666666686534882	1	1	11.9671201705933	0	144
"145"	16.7999992370605	1	-0.146999999880791	-0.0820000022649765	-0.35699999332428	-0.0920000001788139	1	1	1	42	1414	115.680000305176	1	0.0995000004768372	1	75172	3	0	0	0	0	0	12	169	54.5	0.5	0.666666686534882	1	1	16.7999992370605	0	145
"146"	16.339729309082	1	-0.146999999880791	-0.0820000022649765	-0.35699999332428	-0.0920000001788139	1	1	1	40	1414	115.680000305176	1	0.0995000004768372	1	75172	3	0	0	0	0	0	12	169	54.5	0.5	0.666666686534882	1	1	16.339729309082	0	146
"147"	1.38082194328308	1	0.1875	0.158999994397163	0.0489999987185001	-0.00499999988824129	1	0	0	15	1608	0.219999998807907	1	0.0579000003635883	1	123767	9.0600004196167	1	0	0	0	0	24	625	324	1.25	11	1	1	1.38082194328308	0	147
"148"	7.72602701187134	1	0.1875	0.158999994397163	0.0489999987185001	-0.00499999988824129	1	0	0	1	1608	0.00999999977648258	0	0	0	0	0	1	0	0	0	0	0	1	0.5	0	0	1	1	7.72602701187134	0	148
"149"	11.9671201705933	1	0.213499993085861	0.153999999165535	-0.010499999858439	0.114000000059605	1	0	0	8	1673	46.3300018310547	1	0.0203000009059906	1	599591	3.07999992370605	0	0	0	0	1	47	2304	110.75	6.25	1.33333301544189	1	1	11.9671201705933	0	149
"150"	6.41095876693726	1	0.213499993085861	0.153999999165535	-0.010499999858439	0.114000000059605	1	0	0	1	1673	37.4700012207031	0	0	0	0	0	1	0	0	0	0	0	1	0.25	0	0	1	1	6.41095876693726	0	150
"151"	5.85205507278442	1	0.213499993085861	0.153999999165535	-0.010499999858439	0.114000000059605	1	0	0	4	1708	128.479995727539	1	0.00270000007003546	0	0	0	0	0	0	0	0	188	35721	131	8.25	4	1	1	5.85205507278442	0	151
"152"	27.8794498443604	1	-0.179000005125999	-0.0570000000298023	-0.36149999499321	-0.0869999974966049	0	1	1	1	1121	0	0	0	0	0	0	1	1	0	0	0	0	1	2.75	0	0	1	1	27.8794498443604	0	152
"153"	14.9589004516602	1	0.1875	0.158999994397163	0.0489999987185001	-0.00499999988824129	1	0	0	48	1608	115.680000305176	1	0.0995000004768372	1	75172	3	0	0	0	0	0	12	169	42.75	1.5	0.666666686534882	1	1	14.9589004516602	0	153
"154"	31.1013698577881	1	-0.176499992609024	-0.0509999990463257	-0.0804999992251396	-0.00899999961256981	0	1	0	3	1055	1.89999997615814	0	0	1	130605	2.03999996185303	0	1	0	0	0	1	4	16.25	0.5	0	1	1	31.1013698577881	0	154
"155"	12	1	0.1875	0.158999994397163	0.0489999987185001	-0.00499999988824129	1	0	0	6	1608	1.0900000333786	1	0.194000005722046	1	120834	1.95000004768372	0	0	0	1	0	49	2500	201.25	43.75	9.66666698455811	1	1	12	0	155
"156"	36.4931488037109	1	0.213499993085861	0.153999999165535	-0.010499999858439	0.114000000059605	1	0	0	3	1673	14.7600002288818	1	0.0883999988436699	1	116868	9.52999973297119	0	0	0	0	0	108	11881	178.5	14.75	6.33333301544189	1	1	36.4931488037109	0	156
"157"	23.835620880127	1	-0.145999997854233	-0.0820000022649765	-0.35699999332428	-0.0920000001788139	1	1	1	3	1550	2	1	0.00230000005103648	1	143309	2.90000009536743	1	0	0	0	0	3	16	3.25	0	0	1	1	23.835620880127	0	157
"158"	28.8328800201416	1	0.1875	0.158999994397163	0.0489999987185001	-0.00499999988824129	1	0	0	5	1608	1.0900000333786	1	0.194000005722046	1	120834	1.95000004768372	0	0	0	1	0	49	2500	183	37.75	11	1	1	28.8328800201416	0	158
"159"	24.6246604919434	1	-0.228000000119209	-0.0750000029802322	-0.407000005245209	-0.125	1	1	1	17	1119	445	0	0	1	93293	13.3000001907349	1	0	0	0	0	1	4	5	0	2	1	1	24.6246604919434	0	159
"160"	20.9424591064453	1	-0.228000000119209	-0.0750000029802322	-0.407000005245209	-0.125	1	1	1	7	1119	115.680000305176	1	0.0995000004768372	1	75172	3	0	0	0	0	0	12	169	38.25	0	2	1	1	20.9424591064453	0	160
"161"	44.3506889343262	1	-0.222000002861023	-0.0579999983310699	-0.0804999992251396	-0.00899999961256981	0	1	0	3	1043	46.3300018310547	1	0.0203000009059906	1	599591	3.07999992370605	0	0	0	0	1	47	2304	46.25	1.5	3	1	1	44.3506889343262	0	161
"162"	20.4493103027344	1	-0.176499992609024	-0.0509999990463257	-0.0804999992251396	-0.00899999961256981	0	1	0	5	1062	445	0	0	1	93293	13.3000001907349	1	0	0	0	0	1	4	12.75	0.5	1.66666698455811	1	1	20.4493103027344	0	162
"163"	55.2986297607422	1	-0.179000005125999	-0.0570000000298023	-0.36149999499321	-0.0869999974966049	0	1	1	32	1053	115.680000305176	1	0.0995000004768372	1	75172	3	0	0	0	0	0	12	169	49.25	0.5	5	1	1	55.2986297607422	0	163
"164"	43.7917785644531	1	-0.179000005125999	-0.0570000000298023	-0.36149999499321	-0.0869999974966049	0	1	1	25	1053	115.680000305176	1	0.0995000004768372	1	75172	3	0	0	0	0	0	12	169	49.25	0.5	5	1	1	43.7917785644531	0	164
"165"	89.2931518554688	1	-0.179000005125999	-0.0570000000298023	-0.36149999499321	-0.0869999974966049	0	1	1	6	1121	100.849998474121	0	0	0	0	0	1	0	0	0	0	29	900	0.25	0	5	1	1	89.2931518554688	0	165
"166"	10.9479503631592	1	-0.226500004529953	-0.0549999997019768	-0.36149999499321	-0.0920000001788139	0	1	1	1	1163	11.3400001525879	0	0	0	0	0	1	0	0	1	0	0	1	0.5	0	0	1	1	10.9479503631592	0	166
"167"	18.7068500518799	1	-0.264999985694885	-0.0549999997019768	-0.322499990463257	-0.0920000001788139	0	1	1	11	1237	445	0	0	1	93293	13.3000001907349	1	0	0	0	0	1	4	15.5	0	0.666666686534882	1	1	18.7068500518799	0	167
"168"	33.0082206726074	0	-0.146999999880791	-0.0820000022649765	-0.35699999332428	-0.0920000001788139	1	1	1	6	1414	128.479995727539	0	0	1	356405	4.5	0	0	0	0	0	3	16	3.25	0.75	6.33333301544189	1	0	33.0082206726074	0	168
"169"	32.5479507446289	0	-0.146999999880791	-0.0820000022649765	-0.35699999332428	-0.0920000001788139	1	1	1	9	1414	15	1	0.00769999995827675	0	0	0	0	0	0	0	0	9	100	0	0	2	1	0	32.5479507446289	0	169
"170"	11.6054801940918	1	0.1875	0.158999994397163	0.0489999987185001	-0.00499999988824129	1	0	0	23	1608	445	0	0	1	93293	13.3000001907349	1	0	0	0	0	1	4	32.75	0.75	2.33333301544189	1	1	11.6054801940918	0	170
"171"	11.6054801940918	1	0.1875	0.158999994397163	0.0489999987185001	-0.00499999988824129	1	0	0	22	1608	445	0	0	1	93293	13.3000001907349	1	0	0	0	0	1	4	32.75	0.75	2.33333301544189	1	1	11.6054801940918	0	171
"172"	5.88493204116821	1	0.213499993085861	0.153999999165535	-0.010499999858439	0.114000000059605	1	0	0	1	1673	114.169998168945	0	0	1	11344	2.70000004768372	0	0	1	0	0	0	1	0.75	0	0	1	1	5.88493204116821	0	172
"173"	18.7726001739502	1	0.213499993085861	0.153999999165535	-0.010499999858439	0.114000000059605	1	0	0	15	1708	32.6300010681152	1	0.165199995040894	1	457587	3.25	0	0	0	0	0	2	9	13.5	0	0	1	1	18.7726001739502	0	173
"174"	26.9589004516602	0	0.213499993085861	0.153999999165535	-0.010499999858439	0.114000000059605	1	0	0	7	1708	1.29999995231628	1	0.150000005960464	1	134882	3.03999996185303	0	0	1	0	0	9	100	148.25	13.5	0.333333313465118	1	0	26.9589004516602	0	174
"175"	23.7369899749756	1	-0.256000012159348	-0.0769999995827675	-0.35699999332428	-0.108000002801418	0	1	1	2	1423	2	1	0.00230000005103648	1	143309	2.90000009536743	1	0	0	0	0	3	16	4.25	0	0	1	1	23.7369899749756	0	175
"176"	39.4849281311035	1	-0.256000012159348	-0.0769999995827675	-0.35699999332428	-0.108000002801418	0	1	1	2	1423	1.0900000333786	1	0.194000005722046	1	120834	1.95000004768372	0	0	0	1	0	49	2500	123	18.75	10.3333301544189	1	1	39.4849281311035	0	176
"177"	14.0054798126221	1	-0.145999997854233	-0.0820000022649765	-0.35699999332428	-0.0920000001788139	1	1	1	14	1550	32.6300010681152	1	0.165199995040894	1	457587	3.25	0	0	0	0	0	2	9	7.5	0	0	1	1	14.0054798126221	0	177
"178"	5.5561637878418	1	0.1875	0.158999994397163	0.0489999987185001	-0.00499999988824129	1	0	0	2	1608	0.479999989271164	1	0.0443000011146069	1	85695	10.3999996185303	0	0	0	0	0	2	9	31.5	6	0.666666686534882	1	1	5.5561637878418	0	178
"179"	11.6712303161621	1	0.1875	0.158999994397163	0.0489999987185001	-0.00499999988824129	1	0	0	4	1608	9.1899995803833	1	0	0	0	0	0	0	0	0	0	13	196	12.25	0.25	0	1	1	11.6712303161621	0	179
"180"	8.64657497406006	1	0.1875	0.158999994397163	0.0489999987185001	-0.00499999988824129	1	0	0	19	1608	0.219999998807907	1	0.0579000003635883	1	123767	9.0600004196167	1	0	0	0	0	24	625	324	1.25	11	1	1	8.64657497406006	0	180
"181"	12	1	0.213499993085861	0.153999999165535	-0.010499999858439	0.114000000059605	1	0	0	1	1673	11.4200000762939	0	0	0	0	0	0	0	0	0	0	0	1	19	0.75	0	1	1	12	0	181
"182"	9.00821876525879	1	0.213499993085861	0.153999999165535	-0.010499999858439	0.114000000059605	1	0	0	8	1708	1.0900000333786	1	0.194000005722046	1	120834	1.95000004768372	0	1	0	1	0	49	2500	267.75	47	6.66666698455811	1	1	9.00821876525879	0	182
"183"	10.093150138855	1	0.213499993085861	0.153999999165535	-0.010499999858439	0.114000000059605	1	0	0	9	1708	1.0900000333786	1	0.194000005722046	1	120834	1.95000004768372	0	1	0	1	0	49	2500	267.75	47	6.66666698455811	1	1	10.093150138855	0	183
"184"	6.11506795883179	1	0.213499993085861	0.153999999165535	-0.010499999858439	0.114000000059605	1	0	0	26	1796	445	0	0	1	93293	13.3000001907349	1	0	0	0	0	1	4	27	0.5	0	1	1	6.11506795883179	0	184
"185"	7.89041090011597	0	0.213499993085861	0.153999999165535	-0.010499999858439	0.114000000059605	1	0	0	4	1796	9.1899995803833	1	0	0	0	0	0	0	0	0	0	13	196	24.75	0.25	0	1	0	7.89041090011597	0	185
"186"	20.4821891784668	1	-0.145999997854233	-0.0820000022649765	-0.35699999332428	-0.0920000001788139	1	1	1	2	1550	0.0399999991059303	1	0.00389999989420176	1	69136	9.69999980926514	0	0	0	0	0	1	4	2	0	0	1	1	20.4821891784668	0	186
"187"	8.97534275054932	0	-0.146999999880791	-0.0820000022649765	-0.35699999332428	-0.0920000001788139	1	1	1	1	1414	11.6400003433228	1	0.18299999833107	1	901010	5.30000019073486	0	0	0	0	0	1	4	198	0.25	0	1	0	8.97534275054932	0	187
"188"	15.8794498443604	1	0.213499993085861	0.153999999165535	-0.010499999858439	0.114000000059605	1	0	0	1	1673	6	0	0	1	232845	5.78999996185303	0	0	0	0	0	0	1	0.75	0	0	1	1	15.8794498443604	0	188
"189"	14.9260301589966	1	-0.256000012159348	-0.0769999995827675	-0.35699999332428	-0.108000002801418	0	1	1	1	1368	2	1	0.00230000005103648	1	143309	2.90000009536743	1	1	0	0	0	3	16	4.25	0	0	1	1	14.9260301589966	0	189
"190"	21.6000003814697	1	-0.145999997854233	-0.0820000022649765	-0.35699999332428	-0.0920000001788139	1	1	1	4	1550	1.0900000333786	1	0.194000005722046	1	120834	1.95000004768372	0	0	0	1	0	49	2500	167.75	38.25	12.3333301544189	1	1	21.6000003814697	0	190
"191"	11.7698602676392	1	0.1875	0.158999994397163	0.0489999987185001	-0.00499999988824129	1	0	0	2	1608	15.4499998092651	1	0.12899999320507	1	983538	5.19000005722046	1	0	0	0	0	1	4	320.75	0.25	0.666666686534882	1	1	11.7698602676392	0	191
"192"	35.3753395080566	1	0.1875	0.158999994397163	0.0489999987185001	-0.00499999988824129	1	0	0	5	1608	54.3199996948242	0	0	1	9666	3.59999990463257	1	0	0	0	0	0	1	2.5	0	0	1	1	35.3753395080566	0	192
"193"	12.8876695632935	1	-0.228000000119209	-0.0750000029802322	-0.407000005245209	-0.125	1	1	1	1	1119	0	0	0	0	0	0	1	0	0	0	0	2	9	30.5	1.75	0	1	1	12.8876695632935	0	193
"194"	36.1972618103027	1	-0.181500002741814	-0.0094999996945262	-0.0804999992251396	-0.00899999961256981	0	1	0	5	996	30	0	0	0	0	0	0	0	0	0	0	18	361	68.25	0.25	0	1	1	36.1972618103027	0	194
"195"	218.202697753906	0	-0.181500002741814	-0.0094999996945262	-0.0804999992251396	-0.00899999961256981	0	1	0	23	996	445	0	0	1	93293	13.3000001907349	1	0	0	0	0	1	4	6	0	2	1	0	218.202697753906	0	195
"196"	34.0931510925293	1	-0.222000002861023	-0.0579999983310699	-0.0804999992251396	-0.00899999961256981	0	1	0	4	1043	192	1	0.0995000004768372	0	0	0	0	1	0	0	0	3	16	8	0.25	0	1	1	34.0931510925293	0	196
"197"	19.3315105438232	1	-0.212999999523163	-0.0579999983310699	-0.0804999992251396	-0.00899999961256981	0	1	0	1	1029	0.100000001490116	1	0.0219000000506639	1	181077	3.40000009536743	0	0	0	0	0	10	121	7.5	0.25	0	1	1	19.3315105438232	0	197
"198"	38.860279083252	1	-0.176499992609024	-0.0509999990463257	-0.0804999992251396	-0.00899999961256981	0	1	0	2	1055	0	0	0	0	0	0	1	1	0	0	0	2	9	35.25	0	0	1	1	38.860279083252	0	198
"199"	7.62739706039429	1	-0.256000012159348	-0.0769999995827675	-0.35699999332428	-0.108000002801418	0	1	1	6	1368	0.219999998807907	1	0.0579000003635883	1	123767	9.0600004196167	1	1	0	0	0	24	625	309.75	0.75	42.6666717529297	1	1	7.62739706039429	0	199
"200"	3.18904089927673	1	0.1875	0.158999994397163	0.0489999987185001	-0.00499999988824129	1	0	0	13	1608	0.219999998807907	1	0.0579000003635883	1	123767	9.0600004196167	1	0	0	0	0	24	625	344.25	1.5	15	1	1	3.18904089927673	0	200
"201"	15.3205499649048	1	0.1875	0.158999994397163	0.0489999987185001	-0.00499999988824129	1	0	0	47	1608	115.680000305176	1	0.0995000004768372	1	75172	3	0	0	0	0	0	12	169	42.75	1.5	0.666666686534882	1	1	15.3205499649048	0	201
"202"	36.9863014221191	0	0.1875	0.158999994397163	0.0489999987185001	-0.00499999988824129	1	0	0	1	1608	0.119999997317791	1	0.0130000002682209	1	56869	6.17000007629395	0	0	0	0	0	1	4	12.75	1.5	0	1	0	36.9863014221191	0	202
"203"	5.95068502426147	1	0.213499993085861	0.153999999165535	-0.010499999858439	0.114000000059605	1	0	0	7	1673	1.0900000333786	1	0.194000005722046	1	120834	1.95000004768372	0	0	0	1	0	49	2500	222.75	48.5	7.33333301544189	1	1	5.95068502426147	0	203
"204"	11.8356199264526	1	0.213499993085861	0.153999999165535	-0.010499999858439	0.114000000059605	1	0	0	4	1673	5	0	0	0	0	0	0	0	0	0	0	1	4	1	0	0	1	1	11.8356199264526	0	204
"205"	20.5808200836182	0	0.213499993085861	0.153999999165535	-0.010499999858439	0.114000000059605	1	0	0	16	1708	32.6300010681152	1	0.165199995040894	1	457587	3.25	0	0	0	0	0	2	9	13.5	0	0	1	0	20.5808200836182	0	205
"206"	55.8904113769531	1	-0.176499992609024	-0.0509999990463257	-0.0804999992251396	-0.00899999961256981	0	1	0	26	1055	115.680000305176	1	0.0995000004768372	1	75172	3	0	0	0	0	0	12	169	46.75	0.5	4.33333301544189	1	1	55.8904113769531	0	206
"207"	35.9671211242676	1	-0.256000012159348	-0.0769999995827675	-0.35699999332428	-0.108000002801418	0	1	1	38	1368	115.680000305176	1	0.0995000004768372	1	75172	3	0	0	0	0	0	12	169	50.25	0.25	3	1	1	35.9671211242676	0	207
"208"	21.0410995483398	1	-0.256000012159348	-0.0769999995827675	-0.35699999332428	-0.108000002801418	0	1	1	8	1423	192	1	0.0995000004768372	0	0	0	0	0	0	0	0	3	16	28	2	0.666666686534882	1	1	21.0410995483398	0	208
"209"	44.6465797424316	1	-0.181500002741814	-0.0094999996945262	-0.0804999992251396	-0.00899999961256981	0	1	0	6	996	30	0	0	0	0	0	0	0	0	0	0	18	361	68.25	0.25	0	1	1	44.6465797424316	0	209
"210"	99.9780807495117	1	-0.228000000119209	-0.0750000029802322	-0.407000005245209	-0.125	1	1	1	3	1119	1.29999995231628	1	0.150000005960464	1	134882	3.03999996185303	0	0	1	0	0	9	100	3.25	1	0	1	1	99.9780807495117	0	210
"211"	77.4246597290039	1	-0.176499992609024	-0.0509999990463257	-0.0804999992251396	-0.00899999961256981	0	1	0	2	1055	93.9100036621094	0	0	1	3879	1.89999997615814	1	0	0	0	0	29	900	1	0	7.33333301544189	1	1	77.4246597290039	0	211
"212"	96.5260162353516	1	-0.176499992609024	-0.0509999990463257	-0.0804999992251396	-0.00899999961256981	0	1	0	3	1055	93.9100036621094	0	0	1	3879	1.89999997615814	1	0	0	0	0	29	900	1	0	7.33333301544189	1	1	96.5260162353516	0	212
"213"	14.0383596420288	0	-0.256000012159348	-0.0769999995827675	-0.35699999332428	-0.108000002801418	0	1	1	14	1368	32.6300010681152	1	0.165199995040894	1	457587	3.25	0	0	0	0	0	2	9	9	0	0.666666686534882	1	0	14.0383596420288	0	213
"214"	48.0328788757324	1	-0.256000012159348	-0.0769999995827675	-0.35699999332428	-0.108000002801418	0	1	1	17	1368	445	0	0	1	93293	13.3000001907349	1	0	0	0	0	1	4	18	0	1.33333301544189	1	1	48.0328788757324	0	214
"215"	48.0328788757324	1	-0.256000012159348	-0.0769999995827675	-0.35699999332428	-0.108000002801418	0	1	1	18	1368	445	0	0	1	93293	13.3000001907349	1	0	0	0	0	1	4	18	0	1.33333301544189	1	1	48.0328788757324	0	215
"216"	11.9671201705933	1	0.213499993085861	0.153999999165535	-0.010499999858439	0.114000000059605	1	0	0	1	1708	0.0199999995529652	1	0	1	37686	7.51000022888184	0	1	0	0	0	1	4	0	0	0	1	1	11.9671201705933	0	216
"217"	7.36438417434692	0	0.213499993085861	0.153999999165535	-0.010499999858439	0.114000000059605	1	0	0	1	1708	0.119999997317791	1	0.0130000002682209	1	56869	6.17000007629395	0	1	0	0	0	1	4	18.75	2.75	0	1	0	7.36438417434692	0	217
"218"	5.06301403045654	0	0.213499993085861	0.153999999165535	-0.010499999858439	0.114000000059605	1	0	0	1	1708	0.0599999986588955	1	0.00419999985024333	1	37686	7.51000022888184	0	1	0	0	0	11	144	85	2.75	0.666666686534882	1	0	5.06301403045654	0	218
"219"	28.0109596252441	1	-0.256000012159348	-0.0769999995827675	-0.35699999332428	-0.108000002801418	0	1	1	41	1423	115.680000305176	1	0.0995000004768372	1	75172	3	0	0	0	0	0	12	169	58.5	0.5	1.33333301544189	1	1	28.0109596252441	0	219
"220"	6.04931497573853	1	0.213499993085861	0.153999999165535	-0.010499999858439	0.114000000059605	1	0	0	3	1708	128.479995727539	1	0.00270000007003546	0	0	0	0	0	0	0	0	188	35721	131	8.25	4	1	1	6.04931497573853	0	220
"221"	35.0465698242188	1	-0.256000012159348	-0.0769999995827675	-0.35699999332428	-0.108000002801418	0	1	1	5	1423	1.42999994754791	0	0	1	181077	3.40000009536743	0	0	0	0	0	10	121	3.75	0	0	1	1	35.0465698242188	0	221
"222"	20.5150699615479	0	-0.256000012159348	-0.0769999995827675	-0.35699999332428	-0.108000002801418	0	1	1	3	1423	1.42999994754791	0	0	1	181077	3.40000009536743	0	0	0	0	0	10	121	3.75	0	0	1	0	20.5150699615479	0	222
"223"	6.54246616363525	1	-0.256000012159348	-0.0769999995827675	-0.35699999332428	-0.108000002801418	0	1	1	3	1423	0	0	0	0	0	0	1	1	0	0	0	2	9	39.5	0.5	0	1	1	6.54246616363525	0	223
"224"	22.8821907043457	1	-0.256000012159348	-0.0769999995827675	-0.35699999332428	-0.108000002801418	0	1	1	4	1423	1.42999994754791	0	0	1	181077	3.40000009536743	0	0	0	0	0	10	121	3.75	0	0	1	1	22.8821907043457	0	224
"225"	11.9671201705933	1	-0.146999999880791	-0.0820000022649765	-0.35699999332428	-0.0920000001788139	1	1	1	2	1414	166	0	0	0	0	0	1	1	0	0	0	6	49	19.25	0.25	0	1	1	11.9671201705933	0	225
"226"	29.4904098510742	1	-0.146999999880791	-0.0820000022649765	-0.35699999332428	-0.0920000001788139	1	1	1	43	1414	115.680000305176	1	0.0995000004768372	1	75172	3	0	0	0	0	0	12	169	54.5	0.5	0.666666686534882	1	1	29.4904098510742	0	226
"227"	5.19451999664307	1	0.1875	0.158999994397163	0.0489999987185001	-0.00499999988824129	1	0	0	6	1608	0.150000005960464	1	0.0146000003442168	1	20777	7.09999990463257	0	0	0	1	0	9	100	23.5	3.5	0	1	1	5.19451999664307	0	227
"228"	6.01643800735474	1	0.1875	0.158999994397163	0.0489999987185001	-0.00499999988824129	1	0	0	2	1608	0.00999999977648258	0	0	0	0	0	1	1	0	0	0	0	1	2	0	0	1	1	6.01643800735474	0	228
"229"	11.3095903396606	1	0.1875	0.158999994397163	0.0489999987185001	-0.00499999988824129	1	0	0	3	1608	166	0	0	0	0	0	1	0	0	0	0	6	49	19.25	0.75	0	1	1	11.3095903396606	0	229
"230"	14.3671197891235	1	0.1875	0.158999994397163	0.0489999987185001	-0.00499999988824129	1	0	0	51	1608	115.680000305176	1	0.0995000004768372	1	75172	3	0	0	0	0	0	12	169	42.75	1.5	0.666666686534882	1	1	14.3671197891235	0	230
"231"	52.0767097473145	0	0.1875	0.158999994397163	0.0489999987185001	-0.00499999988824129	1	0	0	16	1608	445	0	0	1	93293	13.3000001907349	1	0	0	0	0	1	4	32.75	0.75	2.33333301544189	1	0	52.0767097473145	0	231
"232"	25.5780792236328	1	-0.141000002622604	-0.0094999996945262	-0.0804999992251396	-0.00899999961256981	0	1	1	19	1041	445	0	0	1	93293	13.3000001907349	1	0	0	0	0	1	4	5.5	0	2	1	1	25.5780792236328	0	232
"233"	43.6273994445801	1	-0.141000002622604	-0.0094999996945262	-0.0804999992251396	-0.00899999961256981	0	1	1	8	1041	15	1	0.00769999995827675	0	0	0	0	0	0	0	0	9	100	0.75	0	1	1	1	43.6273994445801	0	233
"234"	35.2109603881836	1	-0.256000012159348	-0.0769999995827675	-0.35699999332428	-0.108000002801418	0	1	1	2	1368	20	0	0	1	18429	8.80000019073486	0	0	0	0	0	12	169	3.5	0.25	0	1	1	35.2109603881836	0	234
"235"	30.14794921875	1	-0.176499992609024	-0.0509999990463257	-0.0804999992251396	-0.00899999961256981	0	1	0	7	1062	81.8199996948242	1	2.77999997138977	1	491836	9.27999973297119	0	0	0	0	0	79	6400	134.25	12.5	6.66666698455811	1	1	30.14794921875	0	235
"236"	22.0931491851807	1	-0.212999999523163	-0.0579999983310699	-0.0804999992251396	-0.00899999961256981	0	1	0	2	1029	11.3400001525879	0	0	0	0	0	1	0	0	1	0	0	1	1.5	0	0	1	1	22.0931491851807	0	236
"237"	37.052059173584	1	-0.176499992609024	-0.0509999990463257	-0.0804999992251396	-0.00899999961256981	0	1	0	22	1062	115.680000305176	1	0.0995000004768372	1	75172	3	0	0	0	0	0	12	169	55.5	0.75	3.66666698455811	1	1	37.052059173584	0	237
"238"	29.8191795349121	1	-0.176499992609024	-0.0509999990463257	-0.0804999992251396	-0.00899999961256981	0	1	0	3	1055	0.0399999991059303	0	0	0	0	0	1	1	0	0	0	0	1	0.5	0	0	1	1	29.8191795349121	0	238
"239"	23.5068492889404	1	-0.226500004529953	-0.0549999997019768	-0.36149999499321	-0.0920000001788139	0	1	1	1	1163	11.3500003814697	1	0.595499992370605	1	143309	2.90000009536743	1	0	0	0	0	1	4	0.5	0	2.66666698455811	1	1	23.5068492889404	0	239
"240"	13.4137001037598	1	0.1875	0.158999994397163	0.0489999987185001	-0.00499999988824129	1	0	0	1	1608	0.00999999977648258	1	0.00230000005103648	0	0	0	0	1	0	0	0	0	1	0	0	0	1	1	13.4137001037598	0	240
"241"	44.0547904968262	1	-0.176499992609024	-0.0509999990463257	-0.0804999992251396	-0.00899999961256981	0	1	0	2	1062	102.730003356934	1	0.301999986171722	1	370015	8.25	1	0	0	0	0	1	4	7.75	0	0	1	1	44.0547904968262	0	241
"242"	12.1315097808838	1	0.1875	0.158999994397163	0.0489999987185001	-0.00499999988824129	1	0	0	50	1608	115.680000305176	1	0.0995000004768372	1	75172	3	0	0	0	0	0	12	169	42.75	1.5	0.666666686534882	1	1	12.1315097808838	0	242
"243"	12.2630100250244	1	0.1875	0.158999994397163	0.0489999987185001	-0.00499999988824129	1	0	0	3	1608	5	0	0	0	0	0	0	0	0	0	0	1	4	1.5	0	0	1	1	12.2630100250244	0	243
"244"	12.1315097808838	1	0.1875	0.158999994397163	0.0489999987185001	-0.00499999988824129	1	0	0	49	1608	115.680000305176	1	0.0995000004768372	1	75172	3	0	0	0	0	0	12	169	42.75	1.5	0.666666686534882	1	1	12.1315097808838	0	244
"245"	9.50136947631836	0	0.213499993085861	0.153999999165535	-0.010499999858439	0.114000000059605	1	0	0	5	1673	0.150000005960464	1	0.00680000009015203	1	115577	7.8899998664856	0	1	0	0	0	13	196	9.5	3.75	0.333333313465118	1	0	9.50136947631836	0	245
"246"	24.2301406860352	1	-0.179000005125999	-0.0570000000298023	-0.36149999499321	-0.0869999974966049	0	1	1	3	1121	0.150000005960464	1	0.0146000003442168	1	20777	7.09999990463257	0	1	0	1	0	9	100	5	0.25	0	1	1	24.2301406860352	0	246
"247"	50.3013687133789	1	-0.256000012159348	-0.0769999995827675	-0.35699999332428	-0.108000002801418	0	1	1	5	1368	0.150000005960464	1	0.0146000003442168	1	20777	7.09999990463257	0	0	0	1	0	9	100	14.25	1	0	1	1	50.3013687133789	0	247
"248"	10.4876699447632	1	-0.146999999880791	-0.0820000022649765	-0.35699999332428	-0.0920000001788139	1	1	1	9	1414	0.219999998807907	1	0.0579000003635883	1	123767	9.0600004196167	1	0	0	0	0	24	625	353.25	1.75	24	1	1	10.4876699447632	0	248
"249"	23.3753395080566	1	-0.179000005125999	-0.0570000000298023	-0.36149999499321	-0.0869999974966049	0	1	1	8	1053	445	0	0	1	93293	13.3000001907349	1	0	0	0	0	1	4	14.75	0.5	0.666666686534882	1	1	23.3753395080566	0	249
"250"	16.339729309082	1	-0.256000012159348	-0.0769999995827675	-0.35699999332428	-0.108000002801418	0	1	1	1	1368	15.4499998092651	1	0.12899999320507	1	983538	5.19000005722046	1	0	0	0	0	1	4	274	3.25	1.33333301544189	1	1	16.339729309082	0	250
"251"	89.030143737793	0	-0.222000002861023	-0.0579999983310699	-0.0804999992251396	-0.00899999961256981	0	1	0	2	1043	0.109999999403954	1	0.0219000000506639	1	120817	7.96000003814697	0	1	0	0	0	56	3249	117.75	10.25	0	1	0	89.030143737793	0	251
"252"	62.2684898376465	1	-0.176499992609024	-0.0509999990463257	-0.0804999992251396	-0.00899999961256981	0	1	0	14	1055	445	0	0	1	93293	13.3000001907349	1	0	0	0	0	1	4	12.5	0.5	1	1	1	62.2684898376465	0	252
"253"	33.7972602844238	1	-0.226500004529953	-0.0549999997019768	-0.36149999499321	-0.0920000001788139	0	1	1	31	1163	115.680000305176	1	0.0995000004768372	1	75172	3	0	0	0	0	0	12	169	39.5	0.25	4	1	1	33.7972602844238	0	253
"254"	39.2219200134277	1	-0.264999985694885	-0.0549999997019768	-0.322499990463257	-0.0920000001788139	0	1	1	1	1237	14.7600002288818	1	0.0883999988436699	1	116868	9.52999973297119	0	0	0	0	0	108	11881	137	8.5	11.6666698455811	1	1	39.2219200134277	0	254
"255"	7.95616388320923	1	-0.256000012159348	-0.0769999995827675	-0.35699999332428	-0.108000002801418	0	1	1	5	1368	0.109999999403954	1	0.0219000000506639	1	120817	7.96000003814697	0	1	0	0	0	56	3249	154.5	11	1	1	1	7.95616388320923	0	255
"256"	14.9917802810669	1	0.1875	0.158999994397163	0.0489999987185001	-0.00499999988824129	1	0	0	21	1608	445	0	0	1	93293	13.3000001907349	1	0	0	0	0	1	4	32.75	0.75	2.33333301544189	1	1	14.9917802810669	0	256
"257"	6.01643800735474	1	0.1875	0.158999994397163	0.0489999987185001	-0.00499999988824129	1	0	0	10	1608	192	1	0.0995000004768372	0	0	0	0	0	0	0	0	3	16	17.5	2.5	0.333333313465118	1	1	6.01643800735474	0	257
"258"	9.6328763961792	1	-0.141000002622604	-0.0094999996945262	-0.0804999992251396	-0.00899999961256981	0	1	1	1	1041	166	0	0	0	0	0	1	0	0	0	0	6	49	13	1.75	0	1	1	9.6328763961792	0	258
"259"	13.0191802978516	1	-0.176499992609024	-0.0509999990463257	-0.0804999992251396	-0.00899999961256981	0	1	0	2	1062	34.25	0	0	0	0	0	1	0	0	0	0	0	1	22.25	0	0	1	1	13.0191802978516	0	259
"260"	3.51780796051025	1	-0.176499992609024	-0.0509999990463257	-0.0804999992251396	-0.00899999961256981	0	1	0	2	1055	0.219999998807907	1	0.0579000003635883	1	123767	9.0600004196167	1	1	0	0	0	24	625	113.75	0	15	1	1	3.51780796051025	0	260
"261"	74.8931503295898	1	-0.179000005125999	-0.0570000000298023	-0.36149999499321	-0.0869999974966049	0	1	1	5	1053	100.849998474121	0	0	0	0	0	1	1	0	0	0	29	900	0.25	0	7	1	1	74.8931503295898	0	261
"262"	5.49041080474854	1	-0.264999985694885	-0.0549999997019768	-0.322499990463257	-0.0920000001788139	0	1	1	1	1237	0.720000028610229	1	0.0274999998509884	1	70313	33.9000015258789	0	1	0	0	1	0	1	0.75	0.25	1	1	1	5.49041080474854	0	262
"263"	7.0684928894043	1	-0.256000012159348	-0.0769999995827675	-0.35699999332428	-0.108000002801418	0	1	1	7	1423	0.219999998807907	1	0.0579000003635883	1	123767	9.0600004196167	1	1	0	0	0	24	625	338.75	1.5	32	1	1	7.0684928894043	0	263
"264"	15.8794498443604	1	-0.146999999880791	-0.0820000022649765	-0.35699999332428	-0.0920000001788139	1	1	1	1	1414	0.579999983310699	1	0.386999994516373	1	133734	6.80000019073486	0	0	0	0	0	2	9	136.5	8.75	3.33333301544189	1	1	15.8794498443604	0	264
"265"	20.2849292755127	1	-0.228000000119209	-0.0750000029802322	-0.407000005245209	-0.125	1	1	1	9	1119	115.680000305176	1	0.0995000004768372	1	75172	3	0	0	0	0	0	12	169	38.25	0	2	1	1	20.2849292755127	0	265
"266"	18.0821895599365	1	-0.179000005125999	-0.0570000000298023	-0.36149999499321	-0.0869999974966049	0	1	1	7	1053	445	0	0	1	93293	13.3000001907349	1	0	0	0	0	1	4	14.75	0.5	0.666666686534882	1	1	18.0821895599365	0	266
"267"	53.2274017333984	1	-0.256000012159348	-0.0769999995827675	-0.35699999332428	-0.108000002801418	0	1	1	4	1423	2	1	0.00230000005103648	1	143309	2.90000009536743	1	0	0	0	0	3	16	4.25	0	0	1	1	53.2274017333984	0	267
"268"	19.430139541626	1	0.213499993085861	0.153999999165535	-0.010499999858439	0.114000000059605	1	0	0	5	1673	100	0	0	0	0	0	0	0	0	0	0	1	4	37	0.75	0	1	1	19.430139541626	0	268
"269"	9.00821876525879	1	0.213499993085861	0.153999999165535	-0.010499999858439	0.114000000059605	1	0	0	3	1708	0.0399999991059303	1	0.0199999995529652	1	15549	10.1999998092651	0	0	0	0	0	6	49	16.5	3	1	1	1	9.00821876525879	0	269
"270"	12.6575298309326	1	-0.145999997854233	-0.0820000022649765	-0.35699999332428	-0.0920000001788139	1	1	1	5	1550	1.29999995231628	1	0.150000005960464	1	134882	3.03999996185303	0	0	1	0	0	9	100	56.75	9	0.666666686534882	1	1	12.6575298309326	0	270
"271"	8.97534275054932	1	0.1875	0.158999994397163	0.0489999987185001	-0.00499999988824129	1	0	0	3	1608	1.0900000333786	1	0.194000005722046	1	120834	1.95000004768372	0	0	0	1	0	49	2500	183	37.75	11	1	1	8.97534275054932	0	271
"272"	15.0575304031372	1	0.1875	0.158999994397163	0.0489999987185001	-0.00499999988824129	1	0	0	6	1608	46.3300018310547	1	0.0203000009059906	1	599591	3.07999992370605	0	0	0	0	1	47	2304	95.75	5.75	1.33333301544189	1	1	15.0575304031372	0	272
"273"	34.3561592102051	1	-0.181500002741814	-0.0094999996945262	-0.0804999992251396	-0.00899999961256981	0	1	0	5	996	32.6300010681152	1	0.165199995040894	1	457587	3.25	0	0	0	0	0	2	9	5	0	0	1	1	34.3561592102051	0	273
"274"	7.10136985778809	1	0.1875	0.158999994397163	0.0489999987185001	-0.00499999988824129	1	0	0	1	1608	159.479995727539	0	0	1	1810	2.59999990463257	1	0	0	0	0	0	1	0	0	0	1	1	7.10136985778809	0	274
"275"	2.76164388656616	1	0.1875	0.158999994397163	0.0489999987185001	-0.00499999988824129	1	0	0	17	1608	0.219999998807907	1	0.0579000003635883	1	123767	9.0600004196167	1	0	0	0	0	24	625	324	1.25	11	1	1	2.76164388656616	0	275
"276"	2.76164388656616	1	0.1875	0.158999994397163	0.0489999987185001	-0.00499999988824129	1	0	0	18	1608	0.219999998807907	1	0.0579000003635883	1	123767	9.0600004196167	1	0	0	0	0	24	625	324	1.25	11	1	1	2.76164388656616	0	276
"277"	13.1506900787354	1	0.213499993085861	0.153999999165535	-0.010499999858439	0.114000000059605	1	0	0	52	1673	115.680000305176	1	0.0995000004768372	1	75172	3	0	0	0	0	0	12	169	45.5	3	0.666666686534882	1	1	13.1506900787354	0	277
"278"	12.9534196853638	0	0.1875	0.158999994397163	0.0489999987185001	-0.00499999988824129	1	0	0	2	1608	29.6000003814697	1	0	1	222306	3.70000004768372	0	0	0	0	0	0	1	0	0	0	1	0	12.9534196853638	0	278
"279"	25.5123291015625	1	0.1875	0.158999994397163	0.0489999987185001	-0.00499999988824129	1	0	0	2	1608	37.4700012207031	0	0	0	0	0	1	0	0	0	0	0	1	0	0	0	1	1	25.5123291015625	0	279
"280"	7.69315099716187	1	0.1875	0.158999994397163	0.0489999987185001	-0.00499999988824129	1	0	0	2	1608	14.7600002288818	1	0.0883999988436699	1	116868	9.52999973297119	0	0	0	0	0	108	11881	168.5	13.75	7.66666698455811	1	1	7.69315099716187	0	280
"281"	11.8684902191162	1	0.213499993085861	0.153999999165535	-0.010499999858439	0.114000000059605	1	0	0	1	1673	0.759999990463257	1	0.0203000009059906	1	17589	5.90000009536743	0	0	0	0	0	2	9	2.25	0	1.66666698455811	1	1	11.8684902191162	0	281
"282"	9.89589023590088	1	0.213499993085861	0.153999999165535	-0.010499999858439	0.114000000059605	1	0	0	12	1796	192	1	0.0995000004768372	0	0	0	0	0	0	0	0	3	16	23	4	0	1	1	9.89589023590088	0	282
"283"	14.3999996185303	1	0.1875	0.158999994397163	0.0489999987185001	-0.00499999988824129	1	0	0	1	1608	0.100000001490116	0	0	0	0	0	0	1	0	0	0	0	1	0	0	0	1	1	14.3999996185303	0	283
"284"	9.96164417266846	0	0.213499993085861	0.153999999165535	-0.010499999858439	0.114000000059605	1	0	0	8	1708	1.0900000333786	1	0.194000005722046	1	120834	1.95000004768372	0	0	0	1	0	49	2500	267.75	47	6.66666698455811	1	0	9.96164417266846	0	284
"285"	195.156204223633	1	-0.212999999523163	-0.0579999983310699	-0.0804999992251396	-0.00899999961256981	0	1	0	23	1029	115.680000305176	1	0.0995000004768372	1	75172	3	0	0	0	0	0	12	169	52	0.75	2	1	1	195.156204223633	0	285
"286"	11.5397300720215	0	0.213499993085861	0.153999999165535	-0.010499999858439	0.114000000059605	1	0	0	53	1673	115.680000305176	1	0.0995000004768372	1	75172	3	0	0	0	0	0	12	169	45.5	3	0.666666686534882	1	0	11.5397300720215	0	286
"287"	8.05479431152344	0	0.213499993085861	0.153999999165535	-0.010499999858439	0.114000000059605	1	0	0	2	1796	13.75	1	0.0203000009059906	1	153529	6.40000009536743	0	0	0	0	0	28	841	0.5	0	3.66666698455811	1	0	8.05479431152344	0	287
"288"	24.526029586792	1	0.213499993085861	0.153999999165535	-0.010499999858439	0.114000000059605	1	0	0	25	1673	445	0	0	1	93293	13.3000001907349	1	0	0	0	0	1	4	30	0.75	0.333333313465118	1	1	24.526029586792	0	288
"289"	24.526029586792	1	0.213499993085861	0.153999999165535	-0.010499999858439	0.114000000059605	1	0	0	24	1673	445	0	0	1	93293	13.3000001907349	1	0	0	0	0	1	4	30	0.75	0.333333313465118	1	1	24.526029586792	0	289
"290"	5.88493204116821	0	0.213499993085861	0.153999999165535	-0.010499999858439	0.114000000059605	1	0	0	26	1796	445	0	0	1	93293	13.3000001907349	1	0	0	0	0	1	4	25	0.75	0	1	0	5.88493204116821	0	290
"291"	26.564380645752	0	0.1875	0.158999994397163	0.0489999987185001	-0.00499999988824129	1	0	0	17	1608	0.219999998807907	1	0.0579000003635883	1	123767	9.0600004196167	1	0	0	0	0	24	625	324	1.25	11	1	0	26.564380645752	0	291
"292"	15.5506801605225	0	-0.146999999880791	-0.0820000022649765	-0.35699999332428	-0.0920000001788139	1	1	1	3	1414	128.479995727539	1	0.00270000007003546	0	0	0	0	0	0	0	0	188	35721	98.75	2	6	1	0	15.5506801605225	0	292
"293"	19.660270690918	0	0.213499993085861	0.153999999165535	-0.010499999858439	0.114000000059605	1	0	0	3	1708	128.479995727539	1	0.00270000007003546	0	0	0	0	0	0	0	0	188	35721	131	8.25	4	1	0	19.660270690918	0	293
"294"	57.5342483520508	0	-0.176499992609024	-0.0509999990463257	-0.0804999992251396	-0.00899999961256981	0	1	0	1	1055	0.479999989271164	1	0.0443000011146069	1	85695	10.3999996185303	0	0	0	0	0	2	9	19.25	3.25	0.333333313465118	1	0	57.5342483520508	0	294
"295"	15.0575304031372	0	0.213499993085861	0.153999999165535	-0.010499999858439	0.114000000059605	1	0	0	23	1796	0.219999998807907	1	0.0579000003635883	1	123767	9.0600004196167	1	0	0	0	0	24	625	324.5	2.75	11	1	0	15.0575304031372	0	295
"296"	25.5780792236328	0	0.1875	0.158999994397163	0.0489999987185001	-0.00499999988824129	1	0	0	1	1608	159.479995727539	0	0	1	1810	2.59999990463257	1	0	0	0	0	0	1	0	0	0	1	0	25.5780792236328	0	296
"297"	15.5835599899292	0	-0.256000012159348	-0.0769999995827675	-0.35699999332428	-0.108000002801418	0	1	1	1	1423	114.169998168945	0	0	1	11344	2.70000004768372	0	0	1	0	0	0	1	0.25	0	0	1	0	15.5835599899292	0	297
"298"	58.6191787719727	0	0.1875	0.158999994397163	0.0489999987185001	-0.00499999988824129	1	0	0	46	1608	115.680000305176	1	0.0995000004768372	1	75172	3	0	0	0	0	0	12	169	45.75	0.5	0.333333313465118	1	0	58.6191787719727	0	298
"299"	5.09589099884033	0	0.213499993085861	0.153999999165535	-0.010499999858439	0.114000000059605	1	0	0	9	1796	0.109999999403954	1	0.0219000000506639	1	120817	7.96000003814697	0	0	0	0	0	56	3249	206.75	0.75	0.333333313465118	1	0	5.09589099884033	0	299
"300"	10.2246599197388	0	0.213499993085861	0.153999999165535	-0.010499999858439	0.114000000059605	1	0	0	7	1796	100.849998474121	0	0	0	0	0	1	0	0	0	0	29	900	2.5	0	4.66666698455811	1	0	10.2246599197388	0	300
"301"	1.44657504558563	0	0.213499993085861	0.153999999165535	-0.010499999858439	0.114000000059605	1	0	0	1	1796	0.119999997317791	1	0.0130000002682209	1	56869	6.17000007629395	0	1	0	0	0	1	4	23.25	3.75	0	1	0	1.44657504558563	0	301
"302"	10.3890399932861	0	0.213499993085861	0.153999999165535	-0.010499999858439	0.114000000059605	1	0	0	2	1708	11.6400003433228	1	0.18299999833107	1	901010	5.30000019073486	0	0	0	0	0	1	4	262	0	0	1	0	10.3890399932861	0	302
"303"	6.01643800735474	1	0.213499993085861	0.153999999165535	-0.010499999858439	0.114000000059605	1	0	0	4	1796	54.3199996948242	0	0	1	9666	3.59999990463257	1	0	0	0	0	0	1	1	0	0	1	1	6.01643800735474	0	303
"304"	121.117797851562	0	-0.264999985694885	-0.0549999997019768	-0.322499990463257	-0.0920000001788139	0	1	1	5	1237	46.3300018310547	1	0.0203000009059906	1	599591	3.07999992370605	0	0	0	0	1	47	2304	64.5	2.25	0.666666686534882	1	0	121.117797851562	0	304
"305"	7.89041090011597	0	0.213499993085861	0.153999999165535	-0.010499999858439	0.114000000059605	1	0	0	8	1796	0.109999999403954	1	0.0219000000506639	1	120817	7.96000003814697	0	0	0	0	0	56	3249	192.75	5.5	0.666666686534882	1	0	7.89041090011597	0	305
"306"	11.5726003646851	0	0.213499993085861	0.153999999165535	-0.010499999858439	0.114000000059605	1	0	0	2	1796	0.0599999986588955	1	0.00419999985024333	1	37686	7.51000022888184	0	1	0	0	0	11	144	90.5	2.75	0.333333313465118	1	0	11.5726003646851	0	306
"307"	37.1506805419922	1	-0.228000000119209	-0.0750000029802322	-0.407000005245209	-0.125	1	1	1	1	1119	76.1100006103516	0	0	0	0	0	0	0	0	0	0	0	1	10	0.25	0	1	1	37.1506805419922	0	307
"308"	34.8164405822754	1	-0.228000000119209	-0.0750000029802322	-0.407000005245209	-0.125	1	1	1	13	1119	115.680000305176	1	0.0995000004768372	1	75172	3	0	0	0	0	0	12	169	38.25	0	2	1	1	34.8164405822754	0	308
"309"	7.29863023757935	0	-0.228000000119209	-0.0750000029802322	-0.407000005245209	-0.125	1	1	1	1	1119	3.41000008583069	0	0	1	896922	9.89999961853027	0	0	0	0	0	0	1	0.25	0	0	1	0	7.29863023757935	0	309
"310"	16.2739696502686	1	-0.141000002622604	-0.0094999996945262	-0.0804999992251396	-0.00899999961256981	0	1	1	1	1041	34.25	0	0	0	0	0	1	0	0	0	0	0	1	23.75	0	0	1	1	16.2739696502686	0	310
"311"	30.3452091217041	0	-0.141000002622604	-0.0094999996945262	-0.0804999992251396	-0.00899999961256981	0	1	1	19	1041	445	0	0	1	93293	13.3000001907349	1	0	0	0	0	1	4	5.5	0	2	1	0	30.3452091217041	0	311
"312"	7.89041090011597	0	-0.141000002622604	-0.0094999996945262	-0.0804999992251396	-0.00899999961256981	0	1	1	5	1041	32.6300010681152	1	0.165199995040894	1	457587	3.25	0	0	0	0	0	2	9	4.25	0	0	1	0	7.89041090011597	0	312
"313"	34.5205497741699	0	-0.141000002622604	-0.0094999996945262	-0.0804999992251396	-0.00899999961256981	0	1	1	5	1041	32.6300010681152	1	0.165199995040894	1	457587	3.25	0	0	0	0	0	2	9	4.25	0	0	1	0	34.5205497741699	0	313
"314"	218.893203735352	0	-0.181500002741814	-0.0094999996945262	-0.0804999992251396	-0.00899999961256981	0	1	0	23	996	445	0	0	1	93293	13.3000001907349	1	0	0	0	0	1	4	6	0	2	1	0	218.893203735352	0	314
"315"	217.315093994141	0	-0.181500002741814	-0.0094999996945262	-0.0804999992251396	-0.00899999961256981	0	1	0	23	996	445	0	0	1	93293	13.3000001907349	1	0	0	0	0	1	4	6	0	2	1	0	217.315093994141	0	315
"316"	215.638397216797	0	-0.181500002741814	-0.0094999996945262	-0.0804999992251396	-0.00899999961256981	0	1	0	16	996	115.680000305176	1	0.0995000004768372	1	75172	3	0	0	0	0	0	12	169	49.5	0.5	2	1	0	215.638397216797	0	316
"317"	33.4027404785156	0	-0.181500002741814	-0.0094999996945262	-0.0804999992251396	-0.00899999961256981	0	1	0	23	996	445	0	0	1	93293	13.3000001907349	1	0	0	0	0	1	4	6	0	2	1	0	33.4027404785156	0	317
"318"	100.076698303223	0	-0.181500002741814	-0.0094999996945262	-0.0804999992251396	-0.00899999961256981	0	1	0	16	996	115.680000305176	1	0.0995000004768372	1	75172	3	0	0	0	0	0	12	169	49.5	0.5	2	1	0	100.076698303223	0	318
"319"	216.361602783203	0	-0.181500002741814	-0.0094999996945262	-0.0804999992251396	-0.00899999961256981	0	1	0	16	996	115.680000305176	1	0.0995000004768372	1	75172	3	0	0	0	0	0	12	169	49.5	0.5	2	1	0	216.361602783203	0	319
"320"	32.5150718688965	0	-0.181500002741814	-0.0094999996945262	-0.0804999992251396	-0.00899999961256981	0	1	0	3	996	46.3300018310547	1	0.0203000009059906	1	599591	3.07999992370605	0	0	0	0	1	47	2304	42.5	1	3	1	0	32.5150718688965	0	320
"321"	21.6328792572021	0	-0.181500002741814	-0.0094999996945262	-0.0804999992251396	-0.00899999961256981	0	1	0	23	996	445	0	0	1	93293	13.3000001907349	1	0	0	0	0	1	4	6	0	2	1	0	21.6328792572021	0	321
"322"	7.66027402877808	0	-0.222000002861023	-0.0579999983310699	-0.0804999992251396	-0.00899999961256981	0	1	0	1	1043	445	0	0	1	93293	13.3000001907349	1	0	0	0	0	1	4	7	0	2	1	0	7.66027402877808	0	322
"323"	29.2931499481201	0	-0.222000002861023	-0.0579999983310699	-0.0804999992251396	-0.00899999961256981	0	1	0	23	1043	115.680000305176	1	0.0995000004768372	1	75172	3	0	0	0	0	0	12	169	51.25	0.5	2	1	0	29.2931499481201	0	323
"324"	14.4328804016113	0	-0.222000002861023	-0.0579999983310699	-0.0804999992251396	-0.00899999961256981	0	1	0	5	1043	100.849998474121	0	0	0	0	0	1	0	0	0	0	29	900	0	0	6	1	0	14.4328804016113	0	324
"325"	211.068496704102	0	-0.222000002861023	-0.0579999983310699	-0.0804999992251396	-0.00899999961256981	0	1	0	17	1043	115.680000305176	1	0.0995000004768372	1	75172	3	0	0	0	0	0	12	169	51.25	0.5	2	1	0	211.068496704102	0	325
"326"	24.6575298309326	1	-0.222000002861023	-0.0579999983310699	-0.0804999992251396	-0.00899999961256981	0	1	0	1	1043	0.00999999977648258	0	0	0	0	0	1	0	0	1	0	0	1	0	0	0	1	1	24.6575298309326	0	326
"327"	86.4657516479492	0	-0.222000002861023	-0.0579999983310699	-0.0804999992251396	-0.00899999961256981	0	1	0	17	1043	115.680000305176	1	0.0995000004768372	1	75172	3	0	0	0	0	0	12	169	51.25	0.5	2	1	0	86.4657516479492	0	327
"328"	21.2054805755615	0	-0.222000002861023	-0.0579999983310699	-0.0804999992251396	-0.00899999961256981	0	1	0	3	1043	65	1	0.00230000005103648	1	104705	5.09999990463257	0	0	0	0	0	3	16	1.75	0	0	1	0	21.2054805755615	0	328
"329"	204	0	-0.222000002861023	-0.0579999983310699	-0.0804999992251396	-0.00899999961256981	0	1	0	3	1043	65	1	0.00230000005103648	1	104705	5.09999990463257	0	0	0	0	0	3	16	1.75	0	0	1	0	204	0	329
"330"	203.1123046875	0	-0.222000002861023	-0.0579999983310699	-0.0804999992251396	-0.00899999961256981	0	1	0	22	1043	115.680000305176	1	0.0995000004768372	1	75172	3	0	0	0	0	0	12	169	51.25	0.5	2	1	0	203.1123046875	0	330
"331"	114.147903442383	0	-0.222000002861023	-0.0579999983310699	-0.0804999992251396	-0.00899999961256981	0	1	0	17	1043	115.680000305176	1	0.0995000004768372	1	75172	3	0	0	0	0	0	12	169	51.25	0.5	2	1	0	114.147903442383	0	331
"332"	13.8410997390747	0	-0.222000002861023	-0.0579999983310699	-0.0804999992251396	-0.00899999961256981	0	1	0	1	1043	3.41000008583069	0	0	1	896922	9.89999961853027	0	0	0	0	0	0	1	1.25	0	0	1	0	13.8410997390747	0	332
"333"	208.997299194336	0	-0.222000002861023	-0.0579999983310699	-0.0804999992251396	-0.00899999961256981	0	1	0	17	1043	115.680000305176	1	0.0995000004768372	1	75172	3	0	0	0	0	0	12	169	51.25	0.5	2	1	0	208.997299194336	0	333
"334"	65.3917770385742	0	-0.222000002861023	-0.0579999983310699	-0.0804999992251396	-0.00899999961256981	0	1	0	17	1043	115.680000305176	1	0.0995000004768372	1	75172	3	0	0	0	0	0	12	169	51.25	0.5	2	1	0	65.3917770385742	0	334
"335"	2.13698601722717	0	-0.222000002861023	-0.0579999983310699	-0.0804999992251396	-0.00899999961256981	0	1	0	3	1043	65	1	0.00230000005103648	1	104705	5.09999990463257	0	0	0	0	0	3	16	1.75	0	0	1	0	2.13698601722717	0	335
"336"	202.356201171875	0	-0.222000002861023	-0.0579999983310699	-0.0804999992251396	-0.00899999961256981	0	1	0	8	1043	32.6300010681152	1	0.165199995040894	1	457587	3.25	0	0	0	0	0	2	9	3.5	0	0	1	0	202.356201171875	0	336
"337"	195.057495117188	0	-0.212999999523163	-0.0579999983310699	-0.0804999992251396	-0.00899999961256981	0	1	0	5	1029	192	1	0.0995000004768372	0	0	0	0	0	0	0	0	3	16	9.5	0.75	0	1	0	195.057495117188	0	337
"338"	195.221893310547	0	-0.212999999523163	-0.0579999983310699	-0.0804999992251396	-0.00899999961256981	0	1	0	23	1029	115.680000305176	1	0.0995000004768372	1	75172	3	0	0	0	0	0	12	169	52	0.75	2	1	0	195.221893310547	0	338
"339"	82.684928894043	0	-0.212999999523163	-0.0579999983310699	-0.0804999992251396	-0.00899999961256981	0	1	0	3	1029	445	0	0	1	93293	13.3000001907349	1	0	0	0	0	1	4	10	0	2	1	0	82.684928894043	0	339
"340"	74.3671264648438	0	-0.212999999523163	-0.0579999983310699	-0.0804999992251396	-0.00899999961256981	0	1	0	23	1029	115.680000305176	1	0.0995000004768372	1	75172	3	0	0	0	0	0	12	169	52	0.75	2	1	0	74.3671264648438	0	340
"341"	194.695907592773	0	-0.212999999523163	-0.0579999983310699	-0.0804999992251396	-0.00899999961256981	0	1	0	23	1029	115.680000305176	1	0.0995000004768372	1	75172	3	0	0	0	0	0	12	169	52	0.75	2	1	0	194.695907592773	0	341
"342"	21.5342502593994	0	-0.212999999523163	-0.0579999983310699	-0.0804999992251396	-0.00899999961256981	0	1	0	5	1029	192	1	0.0995000004768372	0	0	0	0	0	0	0	0	3	16	9.5	0.75	0	1	0	21.5342502593994	0	342
"343"	31.1013698577881	0	-0.212999999523163	-0.0579999983310699	-0.0804999992251396	-0.00899999961256981	0	1	0	3	1029	445	0	0	1	93293	13.3000001907349	1	0	0	0	0	1	4	10	0	2	1	0	31.1013698577881	0	343
"344"	191.736999511719	0	-0.212999999523163	-0.0579999983310699	-0.0804999992251396	-0.00899999961256981	0	1	0	2	1029	445	0	0	1	93293	13.3000001907349	1	0	0	0	0	1	4	10	0	2	1	0	191.736999511719	0	344
"345"	94.6191787719727	0	-0.212999999523163	-0.0579999983310699	-0.0804999992251396	-0.00899999961256981	0	1	0	4	1029	46.3300018310547	1	0.0203000009059906	1	599591	3.07999992370605	0	0	0	0	1	47	2304	47.75	1.75	3	1	0	94.6191787719727	0	345
"346"	52.2411003112793	0	-0.212999999523163	-0.0579999983310699	-0.0804999992251396	-0.00899999961256981	0	1	0	23	1029	115.680000305176	1	0.0995000004768372	1	75172	3	0	0	0	0	0	12	169	52	0.75	2	1	0	52.2411003112793	0	346
"347"	197.095901489258	0	-0.212999999523163	-0.0579999983310699	-0.0804999992251396	-0.00899999961256981	0	1	0	4	1029	46.3300018310547	1	0.0203000009059906	1	599591	3.07999992370605	0	0	0	0	1	47	2304	47.75	1.75	3	1	0	197.095901489258	0	347
"348"	185.095901489258	0	-0.176499992609024	-0.0509999990463257	-0.0804999992251396	-0.00899999961256981	0	1	0	4	1062	445	0	0	1	93293	13.3000001907349	1	0	0	0	0	1	4	12.75	0.5	1.66666698455811	1	0	185.095901489258	0	348
"349"	46.4876708984375	0	-0.176499992609024	-0.0509999990463257	-0.0804999992251396	-0.00899999961256981	0	1	0	11	1062	32.6300010681152	1	0.165199995040894	1	457587	3.25	0	0	0	0	0	2	9	3.25	0	0	1	0	46.4876708984375	0	349
"350"	186.312301635742	0	-0.176499992609024	-0.0509999990463257	-0.0804999992251396	-0.00899999961256981	0	1	0	5	1062	100.849998474121	0	0	0	0	0	1	0	0	0	0	29	900	0.25	0	7.33333301544189	1	0	186.312301635742	0	350
"351"	181.676696777344	0	-0.176499992609024	-0.0509999990463257	-0.0804999992251396	-0.00899999961256981	0	1	0	5	1062	100.849998474121	0	0	0	0	0	1	0	0	0	0	29	900	0.25	0	7.33333301544189	1	0	181.676696777344	0	351
"352"	176.745193481445	0	-0.176499992609024	-0.0509999990463257	-0.0804999992251396	-0.00899999961256981	0	1	0	11	1062	32.6300010681152	1	0.165199995040894	1	457587	3.25	0	0	0	0	0	2	9	3.25	0	0	1	0	176.745193481445	0	352
"353"	85.216438293457	0	-0.176499992609024	-0.0509999990463257	-0.0804999992251396	-0.00899999961256981	0	1	0	5	1062	100.849998474121	0	0	0	0	0	1	0	0	0	0	29	900	0.25	0	7.33333301544189	1	0	85.216438293457	0	353
"354"	181.18359375	0	-0.176499992609024	-0.0509999990463257	-0.0804999992251396	-0.00899999961256981	0	1	0	24	1062	115.680000305176	1	0.0995000004768372	1	75172	3	0	0	0	0	0	12	169	55.5	0.75	3.66666698455811	1	0	181.18359375	0	354
"355"	178.652099609375	0	-0.176499992609024	-0.0509999990463257	-0.0804999992251396	-0.00899999961256981	0	1	0	5	1062	445	0	0	1	93293	13.3000001907349	1	0	0	0	0	1	4	12.75	0.5	1.66666698455811	1	0	178.652099609375	0	355
"356"	182.301406860352	0	-0.176499992609024	-0.0509999990463257	-0.0804999992251396	-0.00899999961256981	0	1	0	11	1062	32.6300010681152	1	0.165199995040894	1	457587	3.25	0	0	0	0	0	2	9	3.25	0	0	1	0	182.301406860352	0	356
"357"	177.501403808594	0	-0.176499992609024	-0.0509999990463257	-0.0804999992251396	-0.00899999961256981	0	1	0	25	1062	115.680000305176	1	0.0995000004768372	1	75172	3	0	0	0	0	0	12	169	55.5	0.75	3.66666698455811	1	0	177.501403808594	0	357
"358"	164.449295043945	0	-0.176499992609024	-0.0509999990463257	-0.0804999992251396	-0.00899999961256981	0	1	0	27	1055	115.680000305176	1	0.0995000004768372	1	75172	3	0	0	0	0	0	12	169	46.75	0.5	4.33333301544189	1	0	164.449295043945	0	358
"359"	165.698593139648	0	-0.176499992609024	-0.0509999990463257	-0.0804999992251396	-0.00899999961256981	0	1	0	14	1055	445	0	0	1	93293	13.3000001907349	1	0	0	0	0	1	4	12.5	0.5	1	1	0	165.698593139648	0	359
"360"	166.389007568359	0	-0.176499992609024	-0.0509999990463257	-0.0804999992251396	-0.00899999961256981	0	1	0	6	1055	445	0	0	1	93293	13.3000001907349	1	0	0	0	0	1	4	12.5	0.5	1	1	0	166.389007568359	0	360
"361"	165.106796264648	0	-0.176499992609024	-0.0509999990463257	-0.0804999992251396	-0.00899999961256981	0	1	0	14	1055	445	0	0	1	93293	13.3000001907349	1	0	0	0	0	1	4	12.5	0.5	1	1	0	165.106796264648	0	361
"362"	166.158905029297	0	-0.176499992609024	-0.0509999990463257	-0.0804999992251396	-0.00899999961256981	0	1	0	5	1055	100.849998474121	0	0	0	0	0	1	0	0	0	0	29	900	0.25	0	7.33333301544189	1	0	166.158905029297	0	362
"363"	172.635604858398	0	-0.176499992609024	-0.0509999990463257	-0.0804999992251396	-0.00899999961256981	0	1	0	25	1055	115.680000305176	1	0.0995000004768372	1	75172	3	0	0	0	0	0	12	169	46.75	0.5	4.33333301544189	1	0	172.635604858398	0	363
"364"	174.739700317383	0	-0.176499992609024	-0.0509999990463257	-0.0804999992251396	-0.00899999961256981	0	1	0	11	1055	32.6300010681152	1	0.165199995040894	1	457587	3.25	0	0	0	0	0	2	9	3	0	0	1	0	174.739700317383	0	364
"365"	172.274002075195	0	-0.176499992609024	-0.0509999990463257	-0.0804999992251396	-0.00899999961256981	0	1	0	11	1055	32.6300010681152	1	0.165199995040894	1	457587	3.25	0	0	0	0	0	2	9	3	0	0	1	0	172.274002075195	0	365
"366"	29.0301399230957	0	-0.176499992609024	-0.0509999990463257	-0.0804999992251396	-0.00899999961256981	0	1	0	11	1055	32.6300010681152	1	0.165199995040894	1	457587	3.25	0	0	0	0	0	2	9	3	0	0	1	0	29.0301399230957	0	366
"367"	171.484893798828	0	-0.176499992609024	-0.0509999990463257	-0.0804999992251396	-0.00899999961256981	0	1	0	6	1055	445	0	0	1	93293	13.3000001907349	1	0	0	0	0	1	4	12.5	0.5	1	1	0	171.484893798828	0	367
"368"	165.698593139648	0	-0.176499992609024	-0.0509999990463257	-0.0804999992251396	-0.00899999961256981	0	1	0	10	1055	192	1	0.0995000004768372	0	0	0	0	0	0	0	0	3	16	12.75	1.75	0.666666686534882	1	0	165.698593139648	0	368
"369"	43.8246612548828	0	-0.176499992609024	-0.0509999990463257	-0.0804999992251396	-0.00899999961256981	0	1	0	27	1055	115.680000305176	1	0.0995000004768372	1	75172	3	0	0	0	0	0	12	169	46.75	0.5	4.33333301544189	1	0	43.8246612548828	0	369
"370"	174.96989440918	0	-0.176499992609024	-0.0509999990463257	-0.0804999992251396	-0.00899999961256981	0	1	0	5	1055	445	0	0	1	93293	13.3000001907349	1	0	0	0	0	1	4	12.5	0.5	1	1	0	174.96989440918	0	370
"371"	51.0575294494629	0	-0.176499992609024	-0.0509999990463257	-0.0804999992251396	-0.00899999961256981	0	1	0	11	1055	32.6300010681152	1	0.165199995040894	1	457587	3.25	0	0	0	0	0	2	9	3	0	0	1	0	51.0575294494629	0	371
"372"	172.372604370117	0	-0.176499992609024	-0.0509999990463257	-0.0804999992251396	-0.00899999961256981	0	1	0	25	1055	115.680000305176	1	0.0995000004768372	1	75172	3	0	0	0	0	0	12	169	46.75	0.5	4.33333301544189	1	0	172.372604370117	0	372
"373"	164.219192504883	0	-0.176499992609024	-0.0509999990463257	-0.0804999992251396	-0.00899999961256981	0	1	0	14	1055	445	0	0	1	93293	13.3000001907349	1	0	0	0	0	1	4	12.5	0.5	1	1	0	164.219192504883	0	373
"374"	61.5780792236328	0	-0.176499992609024	-0.0509999990463257	-0.0804999992251396	-0.00899999961256981	0	1	0	14	1055	445	0	0	1	93293	13.3000001907349	1	0	0	0	0	1	4	12.5	0.5	1	1	0	61.5780792236328	0	374
"375"	170.301406860352	0	-0.176499992609024	-0.0509999990463257	-0.0804999992251396	-0.00899999961256981	0	1	0	6	1055	445	0	0	1	93293	13.3000001907349	1	0	0	0	0	1	4	12.5	0.5	1	1	0	170.301406860352	0	375
"376"	167.145202636719	0	-0.176499992609024	-0.0509999990463257	-0.0804999992251396	-0.00899999961256981	0	1	0	27	1055	115.680000305176	1	0.0995000004768372	1	75172	3	0	0	0	0	0	12	169	46.75	0.5	4.33333301544189	1	0	167.145202636719	0	376
"377"	152.219192504883	0	-0.179000005125999	-0.0570000000298023	-0.36149999499321	-0.0869999974966049	0	1	1	5	1053	100.849998474121	0	0	0	0	0	1	0	0	0	0	29	900	0.25	0	7	1	0	152.219192504883	0	377
"378"	54.1150703430176	0	-0.179000005125999	-0.0570000000298023	-0.36149999499321	-0.0869999974966049	0	1	1	11	1053	32.6300010681152	1	0.165199995040894	1	457587	3.25	0	0	0	0	0	2	9	5	0	0	1	0	54.1150703430176	0	378
"379"	45.4684906005859	0	-0.179000005125999	-0.0570000000298023	-0.36149999499321	-0.0869999974966049	0	1	1	5	1053	65	1	0.00230000005103648	1	104705	5.09999990463257	0	0	0	0	0	3	16	4.25	0.25	0	1	0	45.4684906005859	0	379
"380"	26.4657497406006	0	-0.179000005125999	-0.0570000000298023	-0.36149999499321	-0.0869999974966049	0	1	1	5	1053	65	1	0.00230000005103648	1	104705	5.09999990463257	0	0	0	0	0	3	16	4.25	0.25	0	1	0	26.4657497406006	0	380
"381"	56.7780799865723	0	-0.179000005125999	-0.0570000000298023	-0.36149999499321	-0.0869999974966049	0	1	1	27	1053	115.680000305176	1	0.0995000004768372	1	75172	3	0	0	0	0	0	12	169	49.25	0.5	5	1	0	56.7780799865723	0	381
"382"	0.953424572944641	0	-0.179000005125999	-0.0570000000298023	-0.36149999499321	-0.0869999974966049	0	1	1	14	1053	445	0	0	1	93293	13.3000001907349	1	0	0	0	0	1	4	14.75	0.5	0.666666686534882	1	0	0.953424572944641	0	382
"383"	146.136993408203	0	-0.179000005125999	-0.0570000000298023	-0.36149999499321	-0.0869999974966049	0	1	1	6	1121	100.849998474121	0	0	0	0	0	1	0	0	0	0	29	900	0.25	0	5	1	0	146.136993408203	0	383
"384"	51.5506896972656	0	-0.179000005125999	-0.0570000000298023	-0.36149999499321	-0.0869999974966049	0	1	1	8	1121	445	0	0	1	93293	13.3000001907349	1	0	0	0	0	1	4	12.75	0.5	0.333333313465118	1	0	51.5506896972656	0	384
"385"	140.745193481445	0	-0.179000005125999	-0.0570000000298023	-0.36149999499321	-0.0869999974966049	0	1	1	31	1121	115.680000305176	1	0.0995000004768372	1	75172	3	0	0	0	0	0	12	169	44.5	0.25	3.66666698455811	1	0	140.745193481445	0	385
"386"	148.241104125977	0	-0.179000005125999	-0.0570000000298023	-0.36149999499321	-0.0869999974966049	0	1	1	27	1121	115.680000305176	1	0.0995000004768372	1	75172	3	0	0	0	0	0	12	169	44.5	0.25	3.66666698455811	1	0	148.241104125977	0	386
"387"	22.947940826416	0	-0.226500004529953	-0.0549999997019768	-0.36149999499321	-0.0920000001788139	0	1	1	34	1163	115.680000305176	1	0.0995000004768372	1	75172	3	0	0	0	0	0	12	169	39.5	0.25	4	1	0	22.947940826416	0	387
"388"	38.4657516479492	0	-0.226500004529953	-0.0549999997019768	-0.36149999499321	-0.0920000001788139	0	1	1	34	1163	115.680000305176	1	0.0995000004768372	1	75172	3	0	0	0	0	0	12	169	39.5	0.25	4	1	0	38.4657516479492	0	388
"389"	112.306800842285	0	-0.256000012159348	-0.0769999995827675	-0.35699999332428	-0.108000002801418	0	1	1	11	1368	65	1	0.00230000005103648	1	104705	5.09999990463257	0	0	0	0	0	3	16	7.5	0	0	1	0	112.306800842285	0	389
"390"	107.934196472168	0	-0.256000012159348	-0.0769999995827675	-0.35699999332428	-0.108000002801418	0	1	1	11	1368	65	1	0.00230000005103648	1	104705	5.09999990463257	0	0	0	0	0	3	16	7.5	0	0	1	0	107.934196472168	0	390
"391"	108.032897949219	0	-0.256000012159348	-0.0769999995827675	-0.35699999332428	-0.108000002801418	0	1	1	13	1368	445	0	0	1	93293	13.3000001907349	1	0	0	0	0	1	4	18	0	1.33333301544189	1	0	108.032897949219	0	391
"392"	113.325996398926	0	-0.256000012159348	-0.0769999995827675	-0.35699999332428	-0.108000002801418	0	1	1	7	1368	100.849998474121	0	0	0	0	0	1	0	0	0	0	29	900	0.25	0	6	1	0	113.325996398926	0	392
"393"	107.342498779297	0	-0.256000012159348	-0.0769999995827675	-0.35699999332428	-0.108000002801418	0	1	1	7	1368	100.849998474121	0	0	0	0	0	1	0	0	0	0	29	900	0.25	0	6	1	0	107.342498779297	0	393
"394"	15.5178098678589	0	-0.256000012159348	-0.0769999995827675	-0.35699999332428	-0.108000002801418	0	1	1	14	1368	32.6300010681152	1	0.165199995040894	1	457587	3.25	0	0	0	0	0	2	9	9	0	0.666666686534882	1	0	15.5178098678589	0	394
"395"	104.482200622559	0	-0.256000012159348	-0.0769999995827675	-0.35699999332428	-0.108000002801418	0	1	1	5	1368	46.3300018310547	1	0.0203000009059906	1	599591	3.07999992370605	0	0	0	0	1	47	2304	73	3	1.33333301544189	1	0	104.482200622559	0	395
"396"	21.9287700653076	0	-0.256000012159348	-0.0769999995827675	-0.35699999332428	-0.108000002801418	0	1	1	13	1368	445	0	0	1	93293	13.3000001907349	1	0	0	0	0	1	4	18	0	1.33333301544189	1	0	21.9287700653076	0	396
"397"	110.82740020752	0	-0.256000012159348	-0.0769999995827675	-0.35699999332428	-0.108000002801418	0	1	1	7	1368	100.849998474121	0	0	0	0	0	1	0	0	0	0	29	900	0.25	0	6	1	0	110.82740020752	0	397
"398"	114.180801391602	0	-0.256000012159348	-0.0769999995827675	-0.35699999332428	-0.108000002801418	0	1	1	34	1368	115.680000305176	1	0.0995000004768372	1	75172	3	0	0	0	0	0	12	169	50.25	0.25	3	1	0	114.180801391602	0	398
"399"	110.23560333252	0	-0.256000012159348	-0.0769999995827675	-0.35699999332428	-0.108000002801418	0	1	1	36	1368	115.680000305176	1	0.0995000004768372	1	75172	3	0	0	0	0	0	12	169	50.25	0.25	3	1	0	110.23560333252	0	399
"400"	104.120498657227	0	-0.256000012159348	-0.0769999995827675	-0.35699999332428	-0.108000002801418	0	1	1	37	1368	115.680000305176	1	0.0995000004768372	1	75172	3	0	0	0	0	0	12	169	50.25	0.25	3	1	0	104.120498657227	0	400
"401"	104.482200622559	0	-0.256000012159348	-0.0769999995827675	-0.35699999332428	-0.108000002801418	0	1	1	15	1368	445	0	0	1	93293	13.3000001907349	1	0	0	0	0	1	4	18	0	1.33333301544189	1	0	104.482200622559	0	401
"402"	1.97260296344757	0	-0.256000012159348	-0.0769999995827675	-0.35699999332428	-0.108000002801418	0	1	1	18	1423	445	0	0	1	93293	13.3000001907349	1	0	0	0	0	1	4	20	0	1.33333301544189	1	0	1.97260296344757	0	402
"403"	100.635597229004	0	-0.256000012159348	-0.0769999995827675	-0.35699999332428	-0.108000002801418	0	1	1	1	1423	3.41000008583069	0	0	1	896922	9.89999961853027	0	0	0	0	0	0	1	0.5	0	0	1	0	100.635597229004	0	403
"404"	92.5150680541992	0	-0.256000012159348	-0.0769999995827675	-0.35699999332428	-0.108000002801418	0	1	1	39	1423	115.680000305176	1	0.0995000004768372	1	75172	3	0	0	0	0	0	12	169	58.5	0.5	1.33333301544189	1	0	92.5150680541992	0	404
"405"	101.62190246582	0	-0.256000012159348	-0.0769999995827675	-0.35699999332428	-0.108000002801418	0	1	1	18	1423	445	0	0	1	93293	13.3000001907349	1	0	0	0	0	1	4	20	0	1.33333301544189	1	0	101.62190246582	0	405
"406"	98.1041107177734	0	-0.256000012159348	-0.0769999995827675	-0.35699999332428	-0.108000002801418	0	1	1	18	1423	445	0	0	1	93293	13.3000001907349	1	0	0	0	0	1	4	20	0	1.33333301544189	1	0	98.1041107177734	0	406
"407"	40.5369911193848	1	0.1875	0.158999994397163	0.0489999987185001	-0.00499999988824129	1	0	0	3	1608	0.720000028610229	1	0.0274999998509884	1	70313	33.9000015258789	0	1	0	0	1	0	1	2.25	0.25	0	1	1	40.5369911193848	0	407
"408"	30.2465705871582	1	0.213499993085861	0.153999999165535	-0.010499999858439	0.114000000059605	1	0	0	4	1673	0.720000028610229	1	0.0274999998509884	1	70313	33.9000015258789	0	1	0	0	1	0	1	2.5	0	0	1	1	30.2465705871582	0	408
